8413
13131
9553
10150
7724
13313
8363
7985
7769
12714
8959
7781
8018
10270
10302
12708
6472
4956
7095
5074
9143
10802
9938
6370
7215
6584
8145
10487
8003
6808
8011
6502
9924
7863
8586
9247
8818
8321
9021
8128
6925
7206
9865
10586
7175
10278
10043
8474
7687
6343
8265
7427
7734
7796
9242
8759
11154
10295
8767
6215
7016
8430
12936
7662
7918
8309
4220
9063
9394
7663
7800
6051
10464
9304
9759
8392
6632
7409
7246
10071
8404
11819
13622
6565
7395
8083
10210
4109
7446
7172
8140
7029
8666
7352
6942
8508
12134
7750
7088
13202
6545
8052
8810
9170
1285
13385
8507
8407
7731
8154
5694
11733
8837
6534
4695
4721
6397
11209
9339
9763
7243
8939
8668
10335
9507
9956
5487
6124
6803
13182
7939
10470
8045
8129
9730
7873
6895
7624
8482
8354
5864
8106
11185
8780
10144
7052
8351
8149
6968
7911
1091
10199
8789
7926
6802
7232
9044
8953
8850
8372
7449
7981
8540
6867
8466
6352
9529
6583
9316
7144
10271
7726
8015
5930
13970
4624
4633
13743
11507
6531
6991
8393
1491
13479
7530
9194
7614
12497
7270
7158
8403
11498
7935
7729
10560
9434
10157
8570
3133
8864
11321
7712
10308
7105
5908
8619
9753
6825
10034
3558
7806
12442
7324
7889
7043
3838
7588
7826
7445
12037
9236
10391
6210
8479
5851
7707
7508
7805
8366
10577
7027
7491
7664
10487
8592
8033
10918
10333
5786
6685
16426
8211
9441
8375
7550
12569
2604
7914
10656
9117
7979
7322
7938
7579
9229
7841
9281
7149
6780
7733
9888
7276
10332
7150
9016
7543
7220
7596
7172
8579
8520
9441
6375
8050
8347
10080
9176
8178
8104
9605
9441
9209
7874
7247
6710
1027
7499
9811
8047
8907
13927
7210
8257
3002
10007
6882
10098
1387
9421
9385
7424
4917
8772
10513
8050
7380
15101
7026
2483
7012
8155
10028
6554
10447
7721
1620
5694
6027
7951
6402
7186
8003
9378
1815
6614
7553
5918
7531
7950
8285
7972
8400
6689
13128
4888
6971
8560
7326
7970
10482
8583
4101
8241
7591
6323
7225
8732
11037
3741
11786
9103
7278
5635
5223
7814
7277
7029
8384
14939
8561
7650
12961
8506
8453
7219
5536
7692
11880
10730
8639
8017
6453
7308
7726
10274
7020
9069
8135
7201
8108
6967
6079
7790
3004
4418
6747
9438
7243
11816
7227
7076
7894
10823
9074
10991
8925
7341
5481
5156
5239
9605
9632
8199
7831
6534
8747
10987
7920
14140
8900
7010
5795
8725
10610
7234
7168
9098
4558
7677
7159
7087
7685
9603
9688
5683
7731
10693
10726
8287
9708
6120
7261
6150
5597
4902
7588
8014
4954
4490
4577
8422
8980
8297
5822
7315
7540
6503
5680
8375
5230
7833
11482
7698
8338
9124
7532
11941
7209
9170
10096
4974
4292
7303
9252
8543
5873
8602
9919
8398
7451
10799
8133
8771
10828
8048
8754
4723
8674
6252
10031
8967
5600
8082
5916
7332
10134
16106
7715
7468
7426
6935
6051
9799
8419
6603
6270
10351
5037
7478
8476
9783
9446
7398
6218
9413
5657
7964
8623
5496
10420
7326
8059
8837
10960
8774
8387
5533
7979
7877
1798
7425
6944
7093
8385
9770
7889
7673
5916
9340
7501
9957
6827
10927
7916
9448
7149
7514
7829
7496
7720
9368
8950
7670
9230
6949
12414
7147
14992
8080
3576
12344
6796
5606
7368
10159
8713
4181
8270
8018
7069
6636
8506
7214
7740
9058
7401
7165
7247
7518
6281
7585
3559
8318
5594
12667
9350
7418
10674
8086
8894
7062
9788
7982
6512
14513
8147
9121
7280
9332
7901
1993
8210
8221
9147
10075
8145
6563
11376
9165
6995
5116
7386
7117
5711
7188
8041
8405
6904
7758
7741
7043
8758
4027
9916
11034
7271
7041
7856
6973
8092
9775
6796
8472
8804
9853
9180
5801
6104
9481
12078
7051
7290
7927
7351
7119
10144
7950
8217
9406
10766
9558
9476
7109
10127
7707
7666
5504
8234
1637
7550
7858
7970
8570
10260
7204
7750
14206
5193
4758
13400
8624
13130
8895
9177
7695
7688
7533
8311
7272
9558
3103
6413
8879
6405
1404
8750
5240
6996
7089
4485
9389
7851
8179
7804
7442
8875
7447
7933
7257
6112
12662
4045
7669
7203
7570
7122
6756
8129
4585
11527
6269
7377
6725
7964
9533
7293
7847
6693
6427
6683
6949
9984
8574
7550
6725
12321
1363
7458
8884
11516
7447
3406
13472
7146
10761
6443
5801
7177
6190
6790
3496
5627
12719
7146
12463
8157
4548
7597
9307
9341
7753
8479
6436
7366
11328
8803
8784
13476
8305
10189
6682
7253
6903
10723
7474
6824
5496
10597
6830
3789
9836
12386
7350
11217
6909
7603
7600
6779
7015
8702
11559
11721
11974
8256
7615
10979
7827
6602
7080
15809
13495
8725
8801
10987
13732
8677
8342
7282
8494
7431
3918
7973
9004
7472
13371
10821
5983
8640
6479
7960
12105
9796
8340
8447
7471
7599
8572
5888
7624
6826
8721
5049
5265
7709
5748
9404
9882
14259
6982
7751
9311
7641
9198
11199
7549
5328
7292
6987
8360
6404
6307
15818
7961
6589
7012
6075
10602
7041
12698
9269
10004
9340
6961
9284
7648
7467
8550
7706
4798
9291
8231
8635
5187
8099
10921
8144
6363
4797
7817
7978
8245
9926
6346
2303
11031
10122
9299
1001
7979
7501
7442
9083
11349
9112
7290
7334
8905
8513
9165
4629
8058
5143
7165
6999
7745
12024
5494
11298
6516
7209
8740
7960
9093
8409
7646
10568
9127
5963
6378
8172
5541
8188
6281
7093
7066
4284
8002
9992
7851
8177
7894
8751
7524
7293
9147
7364
6602
8166
4716
9435
7807
7414
8147
10210
11052
7152
6511
6979
6514
7083
6264
8573
8288
8056
8251
9488
7107
6431
7239
6808
8230
9207
6853
8162
7930
9115
7403
7601
14087
6896
7110
7824
6990
8648
7242
9274
8260
7784
9673
7523
6575
8487
9140
6495
7946
13320
9447
8669
4963
10665
7504
6676
10697
9354
7068
5776
7908
7193
7325
9924
6693
13071
7883
7410
7594
5028
10868
8146
4397
8508
8445
5839
8092
8487
7321
4938
6842
10690
10033
4823
7943
9137
11811
7702
7443
5881
1260
9059
10450
8792
5021
6598
9143
8185
6982
7682
7859
7778
7763
7433
5326
7545
5410
11203
10246
6309
6597
6067
7605
8313
7174
7681
7980
7127
8703
8471
2650
8184
7059
11943
7298
4012
4115
9708
9180
5503
8124
7540
9060
6029
7028
8619
7936
9748
7572
6990
13145
8220
7747
7090
12552
9548
10052
9072
6805
7576
8219
13496
5096
9212
7806
9455
9486
7163
7232
4707
7254
8560
5675
8102
9407
9708
7154
7771
7713
7707
8211
5924
6797
7102
7103
9113
7122
7208
7595
8215
6305
5419
6829
7569
2515
8474
9063
1867
9958
8211
7007
5584
1430
8006
9790
7202
4829
7185
6367
8435
7404
9437
7353
7631
7296
12534
7417
8418
7304
8758
7201
7810
8133
3261
8422
8472
7745
9059
5682
9740
8101
13776
6765
6613
4219
7205
8271
8625
10394
7074
10249
8320
8927
4128
7652
5059
6265
6208
8415
7332
7681
8383
8069
10323
8090
5108
7737
2439
8562
9160
7382
7387
7027
11057
7095
8188
7136
11276
7950
9588
7462
7141
5696
7192
7841
7034
7383
7802
8864
5988
7222
8862
7007
6859
7100
7745
7477
8283
9189
8887
7846
7354
7149
8415
7902
8193
1995
7082
9996
6666
7279
7910
4288
7445
8785
3719
7678
10981
6595
7307
6951
8547
8097
6253
8966
9364
7910
10106
3817
5046
8380
5555
9298
1163
7052
6900
7659
7934
2346
9593
7488
7160
8284
8795
8890
11509
7924
13790
6582
6900
6508
9258
7532
7617
7371
4636
5884
7179
9600
12357
9806
8573
6023
7112
7233
8947
7035
9209
12718
10778
7651
2775
11035
4710
6183
6371
7744
11401
1517
9535
13654
7753
8708
8005
10602
5089
7956
2538
2924
10190
10176
6694
2948
7038
8019
7097
6958
7588
3380
11880
8504
8813
9004
6684
10099
8897
7223
5334
6095
7388
7395
6260
8574
7829
9073
7913
8536
10388
7616
11647
6866
6693
7222
8851
6967
8242
10805
10360
10068
7882
5973
8380
6296
6536
8047
8011
5255
8312
9929
7458
6827
11132
8521
11621
8004
6925
4841
8953
13368
8558
4160
8381
6078
11363
7557
8134
9378
3398
9832
7000
6916
7021
7218
7319
12766
6677
7373
7824
4347
9375
11540
8644
7670
9346
8609
3804
7576
7889
7021
6799
7517
11027
10515
8112
7191
7899
7548
1967
7726
7793
10214
4885
6040
5380
8779
8830
7414
7127
10804
6170
9634
7030
8079
8247
7188
5759
9100
8389
8869
6462
7494
12828
9042
8158
12904
7032
7086
10400
8544
8033
7103
6149
7853
10891
6476
8385
8527
8364
6303
7187
6157
6997
7484
5520
7859
8769
7282
9051
6965
6003
8369
8768
8170
8122
8290
7576
12122
10777
7393
7422
9818
9621
6408
7463
7942
6831
10254
6951
6131
7462
7370
8782
8827
8210
4502
7369
11975
3860
9039
6042
6958
9382
7607
9500
7678
7588
6822
7353
8267
6780
7625
10641
4995
7014
10280
8171
10804
7453
11381
6677
7722
5627
8089
5710
4554
8259
5548
8029
7371
8361
5856
7299
9989
10426
9208
10867
4116
8620
9369
8900
6081
5461
7105
9337
6646
5570
5544
7930
9653
7536
6285
12577
5953
7158
9535
7401
11379
8160
11635
8615
6336
6974
10299
6731
10135
10832
7577
9904
8667
7109
12172
7479
6587
13141
7746
7938
6829
8501
8531
7341
7120
7531
6960
3567
11510
8235
6081
8981
1496
7393
4373
6317
7119
11370
3987
6551
10649
10531
7440
9143
8243
7853
8936
3742
7134
10057
5874
7806
7313
7917
8198
5614
12749
7106
6910
7138
6308
11375
6180
8284
7222
5539
9671
8633
9968
9953
6672
10914
12796
8818
10884
12651
9242
6417
7749
7726
10987
8713
7164
10337
7017
8016
7150
7044
7002
12119
6658
7432
9773
7587
9360
8096
15381
6639
7172
8322
4038
7840
8020
7624
9242
6207
8327
9840
8314
10280
9177
6686
8605
6492
8283
6952
13000
9073
6467
9310
6776
12171
9118
8451
4907
8556
6068
8039
3560
9190
6198
9136
9593
9593
7733
7990
12018
6580
8068
10754
7859
10926
7603
2586
3384
4381
9177
11720
8850
6999
8266
6631
8303
4068
8505
10846
8779
7058
6210
2522
8314
7180
8432
5530
8057
7080
6983
7332
7930
13201
7805
7309
7917
8023
7553
7229
8215
10446
15175
5430
7666
9117
4727
12709
8553
7948
2073
5459
7485
7413
8714
7007
8350
7763
5873
5814
11702
7369
7074
8024
5642
4763
1212
8564
4194
8703
7122
8016
7381
7879
6095
8574
7135
11826
7937
7673
7191
7781
5868
7694
7907
6292
12035
7823
7423
8708
7138
6899
6555
7864
9568
7776
6457
7982
10628
7871
7256
9899
7063
7312
7687
6932
7754
8032
5655
7929
7127
9419
8300
6128
8146
7185
4811
8095
7161
9410
8755
8254
10365
7052
6367
7281
8065
12701
8750
13631
9192
7440
9394
7913
8102
1079
7027
11163
10352
6578
6917
7619
6942
6406
7992
9197
4977
9996
7133
7703
10667
11321
4712
2438
7074
7109
8188
10526
4121
7002
9107
4717
4950
5421
10042
5176
11241
8448
8934
8409
7484
8131
7276
8186
11097
6477
10547
5768
8306
12444
7113
7066
8744
8354
10662
5906
7265
9544
7105
8996
7820
10846
6057
8066
8656
10779
9491
7587
7766
9979
7874
8466
6723
8263
5882
8102
6247
11633
10235
6458
7302
6757
8065
7063
8960
8837
8509
9350
10142
7175
9410
5791
9759
6804
7241
9289
8389
4655
6623
7842
7750
8800
5498
6883
9018
9461
4939
7003
8187
6190
7860
10253
8536
6938
7729
6663
7189
7543
8572
9096
9115
8410
5308
7224
7578
7016
11096
6923
6867
9419
6396
11554
6930
10985
9849
6479
7756
8951
6223
10031
9620
11229
8256
7948
7566
5855
7885
7948
6702
6476
9948
7068
5386
7051
6456
7612
10164
6401
10467
7906
7784
11559
7303
10831
6795
8595
10445
7096
7350
10832
6767
3573
2859
3951
8238
8888
8967
8627
7686
5989
6812
7485
10758
6789
8420
11175
6817
4434
9483
6270
11272
8769
10149
9828
6727
8258
8783
7566
9034
1942
8199
12491
5508
10040
7438
2872
6810
7783
3387
7726
6509
7741
7374
5674
1058
7233
4543
6239
2999
8382
8001
7559
10177
6856
7016
8221
5682
9240
8158
7196
6754
6917
7069
8780
7003
8472
9823
11811
6624
3615
8122
9005
8054
6116
7163
7301
9626
8466
7159
7431
9450
6692
12137
6926
7216
8447
6740
7011
7284
9197
8194
6007
8002
11427
11239
10710
6856
8098
13034
7112
8320
6770
5109
6934
12590
7836
5873
8259
10229
8540
9091
6627
9804
10215
9726
7599
7947
7319
10759
12887
8593
8976
8096
7907
8421
9086
7685
7201
6043
8000
9882
11816
7078
7582
5297
3239
7503
9854
8033
11458
8966
7116
5263
10324
7207
12079
7389
9137
6722
7140
9512
9884
7913
6530
4803
3677
3998
8415
5932
6583
8530
9342
6863
5324
6284
9477
12197
10719
10584
7061
9655
6229
7830
11397
9779
8707
7329
7243
7157
9082
7196
9237
5816
7365
9281
7926
7173
7201
2693
9414
5893
3187
7417
8167
7689
8573
8134
8274
7461
11541
8191
10284
6593
9473
10490
7411
7125
9502
6580
7377
7695
7799
7007
11021
7617
7513
8386
7083
6740
9081
6852
7086
9448
7737
8052
10318
10330
7604
7810
5154
7431
5010
6772
9737
7025
10811
6624
7298
6696
8251
6066
6165
9234
8488
8495
1560
8565
6827
7231
7756
10280
7459
9698
7018
10064
8466
9269
1659
8320
8804
7418
5479
10553
8454
6497
8749
10908
7444
7489
8602
8351
9864
8241
8282
6193
7230
7995
9426
8762
6029
6863
7009
4977
7522
7134
7700
5780
7401
9284
9479
6424
10209
7779
8336
9647
5647
8733
8287
8132
7171
7569
1430
7515
9736
8403
9998
6913
8358
5551
9335
8171
4396
9611
9078
13791
7170
10596
7040
8653
10686
6418
8294
7200
8339
10107
3104
7340
9692
7483
6865
4091
4421
9661
7334
9479
7856
7226
8794
6543
8147
6914
8075
8284
10844
9564
6124
7139
7806
9828
8546
9171
8934
11626
7374
7585
9665
4608
9736
10437
7867
7212
8287
7054
13255
11152
7861
9332
6648
9079
10258
13408
7025
6254
15453
8500
7419
6989
7404
6580
8045
7023
6081
6541
6763
7363
7048
8842
8371
11934
6889
8870
7213
7237
6818
7407
7315
7059
6525
8899
2180
6961
8341
6399
8283
8758
7790
3995
7279
7978
7903
6294
9061
6729
12675
5037
8536
9397
9224
8124
7298
7233
7080
10583
5829
8494
6050
4903
6844
7874
8343
6520
7415
10541
8516
6001
6833
8344
8414
4682
7277
8517
9614
8294
7155
7507
9795
7617
7814
7237
9583
10775
7217
8023
3292
7527
8141
5860
8563
8006
7366
8161
7355
8168
10141
6609
7386
10249
7236
7458
8591
7329
8255
8443
9238
8955
9823
12558
6371
8980
9014
3142
9205
9469
6034
5471
10623
9511
7820
8778
6842
10821
7845
7502
7633
8563
7460
7067
9904
7544
7621
7983
10309
8313
8974
6864
7228
4115
10414
10792
8828
6781
7433
7127
9120
7149
8418
9780
8227
7884
8069
9569
9951
7364
7605
8612
6684
7606
6912
8125
7052
6841
11020
2689
7344
6697
7204
9910
8242
12652
8082
7057
9003
8006
7809
9730
9951
6541
10475
7200
8093
9627
8360
7662
6622
8207
8212
9164
10095
8894
8023
7596
8733
7806
6903
7288
6017
7627
6459
9945
11137
7533
7139
6528
7816
11747
5448
8221
7806
9595
7036
9135
7665
10303
6538
6981
9327
6916
7721
2160
9269
10805
8203
9372
7333
7594
4455
9927
4306
9549
7339
6886
7934
6805
3371
6919
7725
6958
7474
8852
9552
9563
7503
7941
13063
7715
8083
8920
4255
6116
6898
6426
8883
9420
10145
6969
10932
8858
7359
7207
6970
7961
7382
10271
7227
7345
7228
7476
7071
8999
7732
5901
7326
9307
7007
8634
6806
7263
7943
7481
9824
2829
9072
6851
10482
10269
7215
10862
7901
7800
8020
6716
6010
7220
5273
9760
7307
9094
7055
6945
7378
7118
4793
15376
8034
6719
8686
6996
11711
9215
8816
9441
7475
7262
7762
9286
7322
10368
10891
3139
7046
11415
8480
9020
4820
7315
5013
8104
2062
6879
10795
8848
10768
7981
7637
9516
10359
7613
6872
9248
6112
6667
7011
9527
7036
8244
7719
6950
8894
7323
7153
8869
12473
6312
4308
10977
5854
5094
4281
7690
7369
7488
9115
12403
7562
8028
7392
8351
9631
4611
7911
8610
12111
8307
7077
5453
8461
7053
8815
7544
7844
7816
5283
7597
13755
3154
8316
8034
7399
7079
7233
7238
7218
10142
8743
9068
8949
11153
7606
15737
6123
4872
4636
13363
8936
6070
8255
2608
9651
8153
7500
7153
7500
6366
7321
9063
11262
7656
8240
4156
7343
6098
8894
7706
8030
7682
9006
3774
7578
7547
6175
6972
6512
9566
8512
5460
7427
7517
7056
9449
5068
7573
7894
9994
5959
5970
9373
12348
8167
1074
4311
4568
8678
8274
7254
7389
6809
9025
9471
8143
10463
8379
2956
8688
10929
8893
9363
6686
9380
8468
7616
7139
5557
9882
9086
5274
8540
7622
12047
9260
8057
10188
8787
7679
4524
10098
8274
6636
8702
6100
7380
10503
7437
7525
10740
8408
7024
7683
6614
8392
7990
7404
7125
4667
7962
6125
6967
8038
9474
5195
9167
7605
7005
7440
7516
8465
7218
7896
6283
6546
7956
10979
11838
7242
7516
7059
6474
7053
7072
8826
7793
8056
11210
6561
5186
14294
7046
8706
7421
4630
5699
6724
6963
10376
5876
8079
7312
6454
10210
8792
7086
9245
8032
7880
6158
7181
3346
10987
6872
2211
8066
7757
4451
8161
6379
10955
9687
6852
8739
10294
5467
7693
7517
7641
3503
8890
10367
6761
5966
7327
7604
7600
1588
6821
8375
7334
8471
1407
7680
7524
1370
9198
3366
3464
9171
5517
6955
9953
8812
3800
10508
9312
9209
10343
11368
6769
11665
3762
7596
8941
7098
8011
7174
8441
6298
9633
8292
7410
9768
8428
5066
8347
7396
7414
8597
4457
6314
6647
4948
7860
4787
10796
3594
4905
5564
7279
11269
3025
6732
8273
7220
10535
8897
6344
7431
6423
6806
3352
7291
10301
8727
11009
6174
7770
8580
7475
8315
8770
9182
5230
1141
8213
7399
11959
6481
8015
9909
7648
6011
7730
7022
9560
8582
7067
9227
7853
5161
6467
10454
7337
12300
8191
4817
6535
13524
5032
7708
8779
8356
8204
8583
9124
6187
6011
7921
7693
7829
6980
7341
10533
6226
6574
9100
4802
6580
8998
8211
7949
8853
8428
9983
10427
7009
5777
6214
8470
12877
8083
10139
6448
8926
9985
8133
10479
7340
12092
7679
7051
6893
8252
8677
9498
9596
9462
4115
6560
6547
7188
11409
12591
6919
7190
9139
7366
7300
7284
9828
4669
8124
6802
11594
7199
6408
7761
6555
8008
7612
8650
7241
5953
8484
2022
5980
7877
7389
7886
7454
9503
7180
8418
10014
11015
7162
5916
11134
9471
7944
9054
7202
9872
6211
7496
2758
7429
7604
7210
8732
6166
7438
9991
6421
7766
8561
7993
13169
14569
7784
9066
8397
5154
10260
8618
6440
8725
8133
11484
8014
7828
7673
7086
2285
6603
7200
5919
11436
5139
7577
5551
6967
7112
8243
7425
8710
8440
8782
7685
7934
7124
8710
5708
7757
7035
12046
9095
7190
8672
7102
8599
9150
10845
8623
7381
6846
10693
5751
7704
2173
6171
9856
8124
7581
5852
12233
8011
12713
8463
7608
9220
5485
7013
8100
8165
8460
1042
7470
8668
6993
8672
7837
8968
10094
8410
5111
8424
7382
7469
7231
10789
8998
3461
8231
9388
6992
7000
7796
6736
7281
7103
10382
6138
7424
9335
8999
11581
7166
7722
6232
11806
7207
7250
6095
8730
4448
6019
14742
6792
7774
6929
11212
5829
6309
6409
7542
8068
7164
4834
9582
12720
6274
7793
7346
7401
8088
9044
6219
9664
6906
6115
8941
9745
8034
10159
6996
7772
8700
12379
5820
7289
7793
6047
7912
9149
4483
11693
8618
7037
8676
7808
8629
8257
6203
7134
6591
7055
7505
4104
8123
7415
6315
7180
8358
10047
8721
7198
8057
9323
3470
7976
6402
10500
7887
8518
10018
8181
9826
9136
6943
7308
6714
10316
7648
8368
7391
7380
13048
9387
9134
5039
14805
9161
8203
12427
6467
6505
4868
7934
7923
9191
8521
7055
2942
8486
6346
8181
10949
8779
10033
7980
7541
5966
8349
5940
10897
7885
9387
9899
6361
8194
7209
7747
7494
6159
7169
6809
13993
8763
9801
9029
8077
9270
7452
7691
6832
7500
10721
7952
7736
6503
8584
7964
7555
9102
8106
7238
11093
8045
6193
8375
8253
6485
5841
6101
1100
8708
8092
6822
8101
8058
8528
10505
6358
7339
7466
7397
7286
5602
7633
9026
7022
11313
7185
7278
13043
5714
8838
7720
9123
7855
7714
7157
5279
6620
7204
8420
7798
11685
10206
8104
4685
7155
8506
7427
5949
7663
12220
6732
4656
8519
5443
14712
10611
11129
11064
10903
6022
8334
13031
7107
11766
5918
6876
8271
5724
8243
10501
6890
9064
9544
7834
11746
7275
4322
8013
7480
7052
6825
4874
7425
6504
9834
9579
9268
7954
10215
7255
8615
12375
7315
7667
7295
10645
7420
7073
5920
6933
7193
10689
9555
7774
9088
10317
8353
9548
10040
9686
7367
7216
9285
7681
9290
7763
8623
8558
8826
6906
5671
7222
6135
7376
5865
7553
8145
9245
7268
7430
7275
8980
7913
7343
7092
9547
6894
8757
11673
8586
9873
7266
5927
6382
6886
1967
7576
9219
9786
9906
8524
8560
7837
9052
3723
7331
7233
9772
9075
9687
8532
7019
7333
9303
8765
7458
6260
7582
6889
5457
7801
11566
9480
11231
3444
7378
7115
7640
7270
8454
7041
9361
7204
7245
8015
8509
7414
6503
5670
9361
7877
10910
10216
6025
5391
8399
6812
6116
8181
10165
6851
10570
7295
7963
4204
8002
7242
9461
6410
9391
10405
6386
7322
6376
8526
9734
6772
8407
8613
7689
7685
11582
8444
8266
8787
8053
8142
5628
9225
6495
4687
7388
7956
7447
7105
8765
6246
9326
7791
7406
11887
7736
9049
8535
9241
6849
8058
7837
10876
7192
7399
10500
11644
5555
7566
7788
8596
7865
7328
8412
6519
7722
8739
7470
9434
6617
7091
9050
9924
6913
9783
5984
7237
11736
8489
8399
8820
8061
6966
11544
2172
8618
3389
8263
7277
6840
9593
8333
7141
7913
8441
8331
8094
10280
8674
7511
10621
6806
8162
8503
7448
7580
6515
7334
6836
7693
6799
6753
5465
7813
7315
10802
8439
6834
2792
7330
11189
7055
7439
7172
7024
10367
7028
9679
7347
9173
10005
5857
7455
6562
7361
8455
11137
7165
1511
8885
10583
8168
7150
7030
8314
7257
8793
7066
5504
7284
7734
7179
7483
6672
10506
12122
8220
10223
9228
7483
9289
2877
6893
4056
8216
7750
10165
8025
6705
7244
6726
8377
7202
6252
7649
7022
8880
8058
7033
8168
10400
7143
5268
7895
7354
5022
6242
10588
10104
9638
5151
7067
7055
8695
6994
7259
10523
8035
7580
8190
7143
6285
9459
5606
10064
8740
11755
6232
9304
12282
8630
11553
4958
7317
8658
3119
8296
8378
7082
9551
7458
9555
7906
9303
6667
6247
11417
7925
12358
8484
8264
9176
9327
9778
6123
6723
9003
7227
7304
4661
7083
8920
4023
4265
7730
6204
6453
5923
7433
9557
6770
7030
10182
4799
7002
8785
6948
7634
8211
8612
7280
5579
7839
7446
8590
7124
10698
9016
6474
7245
6961
7383
9048
11052
6634
6565
1460
7883
8607
4530
8519
8200
7421
7792
7329
7983
7062
7407
7355
6504
8310
2993
8304
8578
11515
6472
6858
7806
5690
8382
10043
7177
7591
8509
6771
10474
13826
11276
10712
9158
6976
11432
8292
10291
9527
6039
3095
7423
5402
1270
5399
8754
7338
8325
6276
9379
7806
8091
10511
6744
7413
8557
6937
6984
6026
7140
6918
7556
9049
6890
7393
5458
8149
8307
6312
3266
6519
8627
7783
4797
7642
10277
7211
6621
7198
7445
7212
7016
11669
7638
7125
9410
6904
7431
2723
6521
1307
8928
6337
6457
7725
9574
7420
6859
7615
7791
1915
10449
6536
6541
8724
9014
8842
8522
2288
10411
9844
7008
11369
8227
12182
8263
8842
9296
6278
6760
7805
7164
7341
9178
5538
7297
8451
7926
9106
7644
7254
6906
5828
9499
5695
5285
7337
8257
1164
2486
8824
3395
5796
7046
7031
6116
5942
10398
10165
8619
10225
13108
11697
6189
5641
6916
8861
11903
6701
13126
7259
9672
6750
1426
9917
8645
6678
7629
8777
9214
7181
6989
5905
6749
10703
10359
8823
7553
8662
9518
7946
10203
11547
6034
4883
9494
9308
11627
6629
6465
7966
8348
2714
7832
9874
7389
9341
7399
7081
7892
7219
7192
7327
9339
9186
9039
6416
7709
8162
13167
8862
7316
6831
10628
5281
10674
10054
6816
12791
5551
6841
6551
10314
10362
7366
9254
3979
7190
9336
11508
7858
8447
9432
9654
10919
8254
7672
14090
7592
7270
5780
7637
7111
10254
7537
12018
7552
8350
7961
7945
8196
8656
9799
7982
5691
7201
7136
5298
6983
8036
6433
8662
7521
7290
7210
11231
8594
9769
11472
8144
1661
7189
6196
6331
7327
6955
9072
6908
4883
1070
11237
6320
6874
8099
8112
6921
6001
7414
8969
8511
8611
8922
8247
5825
9505
7657
8763
7568
9318
7298
9398
5579
5541
8059
7748
5619
1337
12077
7296
12210
8809
11438
9709
7741
10458
7817
6842
7770
9166
8609
7551
7672
8184
7036
9002
4503
7050
12288
9179
6957
8378
10265
6306
8388
4947
6964
7869
7643
7741
10115
6764
9275
6992
6120
9786
10472
7225
10589
11132
6456
4433
8573
6456
11390
7683
8795
7605
7882
5956
12067
10645
8590
8708
4578
7787
8247
7998
6813
5833
8700
9210
7019
9857
7496
7153
2562
7341
8660
5831
8393
10076
10468
7249
7093
3645
10129
7637
7192
9987
10327
7600
5243
8267
11421
8742
7358
6892
7493
3743
6478
7282
10692
7911
7778
6845
7864
10348
7505
9985
7320
5266
8478
5542
8525
7342
1015
7264
6660
8266
6844
14056
9264
6232
6280
6877
8786
5924
6987
7500
1279
7413
7390
6007
7043
11484
4413
8072
7567
9865
7938
7019
8236
7450
7370
8908
6727
4018
6638
4487
7561
14033
9018
7130
8095
8041
10618
7554
14417
6922
8768
8671
6625
7199
8633
8653
7285
10885
8272
8808
6817
5919
8339
4160
7259
10647
8545
7011
6322
4447
7706
11580
8548
2614
7642
7807
7360
6414
7720
8574
11901
6393
11450
5319
8392
8556
7109
12391
7399
6232
11065
5545
8356
9669
7458
5187
2885
7800
9183
6964
8453
10791
4549
7319
4775
6245
3169
10067
8942
7505
5712
13845
11991
6340
7376
7098
8442
7486
9527
8232
9640
7337
10727
9043
4920
7377
1025
8751
6909
6121
8632
10191
6911
7225
10623
9351
5601
5913
8314
7275
6759
8304
5331
5758
8183
7310
6953
6660
15467
4452
8988
12872
5923
3093
7385
8063
3880
9536
7931
8847
7391
1538
6113
9316
5512
7608
8135
8177
9043
8185
8502
6564
8405
7268
6778
6239
5353
8434
7452
1261
6662
7377
11002
4968
8078
8337
6998
7747
7840
7664
6640
7528
8618
8252
9381
5167
6897
8089
2804
9373
13949
10899
1553
7980
5110
7397
8283
6123
6841
6501
4683
9480
6914
7259
1668
7721
11152
9056
7632
2022
9039
7440
7183
6677
10186
7703
8052
4826
10733
2753
7546
7321
8618
7497
7636
6959
11504
12264
6174
6235
9460
8463
2537
6750
9950
5746
6261
6951
7631
8128
1263
6079
6532
7421
7937
10472
6772
9784
6623
7791
6422
8735
7522
7640
15917
5945
6681
8762
12540
11914
6945
6431
7900
9440
8230
5794
5951
7094
6043
7616
7890
7182
7324
10542
6828
8461
7640
8678
7411
7791
7101
7298
7930
4051
6317
8639
6878
7268
8147
7887
7152
7095
9083
5056
6487
8970
6151
9594
8007
8502
7308
6357
6813
6898
4814
3399
8035
9516
9550
5215
7698
9734
5136
6103
6665
9090
9695
10287
8684
10441
6041
8522
10624
11895
9388
7426
12659
8237
6307
11527
6896
6943
6182
8634
4363
9904
9397
8589
5376
6265
10335
8259
11149
8131
7628
11771
8285
8008
11123
7413
6510
6984
8021
6792
10641
7030
12499
7826
6649
12958
9287
7134
10801
7547
9704
8032
6935
2318
6590
10323
3297
6830
7803
5260
8339
7882
8651
10048
4882
8344
8329
6601
7122
8724
8741
5323
7092
7361
12346
7244
7910
7079
7241
6418
4338
12016
8546
5886
10006
7810
10538
11124
10699
10497
1204
7119
7929
7669
7517
7500
5934
7988
7384
7867
6860
10984
9611
6955
8735
2907
7541
6762
11575
7663
12120
8700
7521
9827
5779
3471
11637
9063
5921
7989
7566
6948
3327
6337
1642
6899
9091
4737
8389
7300
8333
7081
7032
7331
5813
7058
11852
7780
7547
8766
7403
5802
12452
8407
8448
8501
9267
7062
7486
11686
8003
8266
7196
8247
7411
9860
7406
8748
8414
9117
7227
9743
7368
7869
7199
7412
6948
8771
6302
7957
4696
4840
10382
9763
6048
6986
7083
8218
7859
7245
5015
9549
13659
1217
1545
1793
8429
8881
7985
7096
6792
7567
11017
7077
11370
11585
15646
1535
7938
6801
6912
9237
6695
6664
7906
14807
9227
8057
7043
7121
9752
5433
5818
9547
12310
7922
9020
9227
10880
2997
3603
9438
10569
9888
7450
8927
9982
8326
8303
6858
6696
11287
6656
7575
8261
6924
4167
11703
8941
7857
8296
6244
14081
8160
7281
5301
7160
7878
8954
6737
3088
5933
7113
9866
11336
3106
7590
5551
8569
3093
9273
6767
4597
11613
8285
8253
7990
7128
7758
8674
8737
4570
7231
8611
9151
7484
6946
11342
9600
9332
4714
7174
6465
10299
8252
8191
4407
8542
11120
9124
6314
1463
4776
10599
14566
8650
9018
10896
7992
6329
8856
8629
7886
9060
6724
9539
3144
8160
9653
9142
10864
8085
8249
11973
7252
6664
12977
7272
9536
7443
8107
10971
8950
7077
8169
6712
7417
4389
5964
7177
1839
7877
5350
7490
7203
4452
7758
2586
6804
8514
9082
7967
7231
11283
7001
7771
8039
8829
7179
8655
7513
7574
11592
6756
9307
8120
8764
9360
7022
7970
6868
10396
9057
13337
7956
6736
7868
7528
6430
7278
10833
7036
8494
8103
5866
6761
1575
6676
7056
7574
6237
8552
12126
7294
9402
9902
6691
7090
7286
10088
9836
8810
9801
5210
8174
6136
8080
7062
8057
8877
7504
6790
9065
8266
7218
12160
9728
7486
10244
7085
7303
6852
7823
7090
5016
5565
6841
8939
7822
1354
4855
5763
7052
7946
8450
9029
3261
7151
7331
6762
7365
9372
8955
12540
8341
8037
5897
7422
7398
7849
8937
7955
10516
8192
7362
7677
5653
8497
7979
4773
6345
7340
7719
11787
10237
6843
5961
8606
6945
10613
3718
8172
8061
6416
7091
8170
7138
2959
2905
8092
8047
9361
8983
6013
8126
6536
6526
7043
6734
8316
9421
7546
7437
7584
7039
9771
8252
8045
7329
7940
6794
8311
6075
7108
10252
6245
8994
1259
4702
7055
8031
6485
9541
8140
7198
7729
8125
7062
7717
7122
7356
7513
10336
8385
9166
5917
9880
8241
7450
7759
8384
10585
12466
8468
2378
6769
9345
8099
6514
7152
4500
14124
7787
8724
5277
9456
9050
7289
7571
6745
8605
8317
6486
7526
7241
7455
13574
10610
8654
6820
8536
10435
11190
8832
6309
11467
10051
6156
7962
10004
11261
5488
9308
10285
7187
8744
7127
9550
10132
12932
8048
7448
9595
4888
7298
12288
7614
8333
7290
5360
8601
8541
7499
8586
9678
6230
6641
6507
7605
9800
7210
8294
9954
7480
10892
8343
7357
7045
9669
3963
7194
1937
6521
6777
8511
8923
8041
5390
9078
7643
6512
2778
3383
8706
14050
9903
9474
8626
6897
8233
14789
5610
7169
13786
12059
14379
7157
10585
7913
4760
2458
10651
8515
8638
6793
5982
5774
6883
11072
7507
7206
10517
9993
7560
8848
9301
6924
9284
7379
8709
2256
7148
13258
9766
8644
6759
8415
9979
7697
7508
7747
6414
7032
1152
3081
9950
8826
2563
6660
7608
6652
7571
7291
10224
5449
6159
6236
6818
6676
7089
7952
7081
7876
5703
10506
4837
7891
9871
8619
9938
4989
11397
1832
8032
7732
5794
1803
4065
7062
9587
8020
2891
8877
7095
6736
7546
7260
8265
3045
9825
10679
7149
3724
8042
8656
7783
7372
5139
9265
8995
8452
7949
1782
7770
6950
7849
7503
1788
1020
6983
4915
7581
7162
9271
1068
7766
1392
7734
8284
8721
10317
7151
11169
4788
9417
3235
8787
8300
6936
7681
7367
7142
7387
5742
9344
11881
5454
9273
8929
4088
9504
3600
7625
8776
8821
13395
7226
6269
12141
1344
8833
6776
6921
11630
12911
7120
9528
8736
9037
7396
13129
6431
12939
6834
7630
7070
6216
6485
11912
7616
6736
7013
7329
7312
7925
6783
7553
8773
6833
8647
7624
7475
8291
7466
2558
10048
9601
7436
7988
3878
8822
6901
8786
7672
9183
5850
4254
4773
10939
8071
7673
7774
11134
7494
10003
7238
8782
7608
7056
8779
8963
5262
8236
5890
8120
8207
12082
6849
6702
6916
8778
11505
8002
8499
7176
8503
7145
4851
7274
6952
6293
9658
6996
8711
7456
4934
9782
9698
1844
13375
7244
6014
7258
9815
6892
6594
9087
7505
7911
7152
8120
8416
10023
7066
7700
10678
7654
9805
5932
8116
1848
7245
7777
4753
9293
7661
7231
7031
6881
5490
7094
7910
7603
9231
7430
6258
11322
9249
1806
8524
6441
11284
9873
6569
10722
8615
7724
4825
7596
6172
3906
7388
6022
10191
2184
7737
7623
7663
4468
7281
7694
7295
9415
11772
10562
7845
7069
6236
9045
8190
7277
8615
8176
5672
8542
7359
7094
13846
8093
9206
5444
8711
7765
7611
6811
8485
8345
7226
7352
8026
7957
9890
6842
7313
7478
7541
9347
9799
7050
12337
7877
6183
6783
11114
6911
8111
5696
6137
6887
7020
6246
7753
7282
7793
8756
7638
6071
6861
8209
7947
7472
6920
11093
8498
8996
8971
7580
8631
7551
1139
11732
3290
6719
2783
6506
6737
4922
9957
7362
7691
7314
7474
13251
11310
10649
10210
6278
13521
7379
7440
8271
5800
10021
8471
9606
9843
5682
6333
5628
5047
7271
7264
4895
10677
7054
8540
7515
7623
8814
8540
4394
9234
6827
11511
11709
2052
2744
6105
10281
5496
7468
7358
7395
8292
7156
7527
8864
13070
7613
5973
6839
7565
7158
8838
8846
4426
6873
7099
10419
7330
6693
5956
5614
13267
7486
7239
4929
9824
7338
9602
9289
3234
6934
9571
7779
9283
7562
7745
6611
7963
8099
7285
7534
8240
8887
8337
8866
8745
8257
9253
11614
6955
10078
8561
10106
7048
7765
5287
7302
7840
6726
9051
8008
8389
5137
5517
11807
5542
7698
8640
9499
8874
6938
10332
8136
11075
4504
5958
10018
8973
1991
10718
1262
7515
7646
6233
8012
7094
1297
5634
7439
7977
6508
12482
6735
7933
6365
6521
8418
7397
8742
1217
10595
9520
7239
5642
7810
10623
7719
6485
7797
7585
6416
7905
6739
6415
7140
11839
6490
7273
8511
10631
6906
5660
7162
8995
8953
7637
6639
7121
11900
9902
8553
8597
10460
7828
10667
9380
4894
12051
7722
6807
7919
8306
8161
7471
6769
11918
5963
10016
8723
12327
4561
7439
10453
6847
6303
6916
8773
7626
7555
6717
7947
7671
6445
8672
9115
9106
8798
7797
10173
2935
7349
7176
9296
5848
8535
6811
1591
8088
7243
8537
8504
13334
6457
7576
11476
8176
13296
5839
7318
7592
7074
7331
9059
13202
11171
6093
8269
2090
8769
6872
5917
8532
1240
5422
8748
6916
8108
10262
9693
13447
9272
7411
4896
7090
7920
6963
3129
12423
7596
7749
7266
2360
7394
8126
10147
8248
8517
6094
7227
7694
7976
5105
11402
8866
12071
10836
8991
5062
6577
5689
6629
7635
7131
7478
7973
13418
7328
4533
8975
9013
8479
5750
7951
5943
10736
8837
5820
8031
5851
7892
5933
9343
8554
7197
6525
7202
8076
6464
7883
9754
7179
7781
8354
7513
9224
10170
6798
9810
9098
10893
7181
10015
6175
8168
9313
10323
7214
7200
9754
6033
7600
10148
12854
11717
4416
7428
7594
8727
8761
9355
9147
8224
8935
11299
5772
7213
7301
8754
7269
6720
10928
10989
8145
6663
8901
8444
6958
7740
4603
7355
8220
6178
6596
8800
6262
6059
6693
7220
6642
6850
5961
7175
10002
6599
10105
8171
3938
8790
6161
6225
9890
9240
9758
11134
8265
9626
2410
8497
6744
7728
7911
10442
1107
9601
6665
9075
6602
7376
5710
7289
8505
10919
11958
6920
2673
10193
7193
7780
12095
7600
7966
13560
7969
10036
5051
7528
6310
10113
8329
6680
1184
7605
10615
6933
6907
5038
8860
11170
7456
8036
10541
7763
13068
8529
6860
6944
12427
7585
9763
8205
7806
6558
7052
7259
7088
8847
7710
10061
7370
6070
7150
7228
11942
7924
7569
10017
8203
8037
6485
8227
7188
7529
6957
6679
7340
8577
6841
8562
8253
4152
7822
2054
6793
7859
6966
9403
7963
4510
4339
7707
7531
8504
7702
10369
7679
7552
8283
6531
6620
7277
7664
7090
9086
8445
2684
8882
6842
4365
7324
7468
5462
7721
8891
10241
9420
8624
8735
6778
8242
12545
9196
8207
6106
10379
7902
7841
7245
2637
6663
9096
7359
14076
11128
6118
6638
8586
3457
5568
8354
7340
10881
7073
8606
9008
9172
8784
1332
7802
8479
2206
6250
6583
9557
8757
7768
3179
6500
9563
11069
10409
6433
8687
8439
7121
8953
11540
7511
11723
8340
11722
11069
7365
11279
5215
6685
6858
7188
9514
4991
8354
8429
7210
6672
5133
2965
8316
6978
7396
5868
12355
8042
5005
6259
6256
9128
8512
6381
8435
7545
5754
6959
9799
9513
8246
11444
11008
5740
9435
8303
7877
9839
7918
8237
7773
8858
8363
7204
6642
8078
6150
5705
7474
7644
13653
8300
8107
5813
8475
7557
5757
6490
11966
9868
7901
6300
8383
7224
6588
9845
9580
8740
4246
6809
12474
8427
4938
7610
8512
7631
8288
7374
5815
7351
12928
7203
6827
10191
7298
8760
6698
7825
7174
10878
7169
7882
7055
6941
7005
6904
12635
9408
8412
7050
3515
7703
7434
10617
9450
1961
7477
8527
9110
12527
7334
7884
7844
4142
6470
8783
8749
8395
10953
6962
1481
6860
9273
9636
8331
7944
8821
8378
7006
8846
5957
9719
8336
7988
7989
10859
6416
6923
7221
7993
4170
8385
7131
6752
7547
10663
2190
8604
7270
7841
4341
6574
6858
7581
8017
2287
6292
11646
8632
8298
9148
7170
7946
7378
6939
7055
6397
8888
6782
7273
9974
7961
7645
7206
7468
7345
6582
8542
11353
6477
7560
11305
6765
7740
8442
7846
8960
5676
6914
8013
7270
7532
8350
8319
6901
9336
7200
10197
8083
7943
8574
8616
2580
10917
11234
8052
8094
7902
8080
10699
8319
6107
7584
7994
7884
6980
8712
11698
6845
9876
9194
8042
5397
6098
3429
10827
11552
5690
9187
7832
8292
9165
2980
4072
11286
9013
9378
6837
7248
6523
7282
7882
7378
12441
5585
12040
5883
7053
9208
8198
7394
9029
1081
9725
8962
9420
7548
6442
9803
7857
11536
7129
8183
8037
6449
11463
6655
6668
11294
11659
6010
5851
7578
8551
9945
6371
8777
6190
7725
7105
14953
6316
7528
8719
7438
12137
8762
6420
7123
2576
6967
9470
3960
7890
7643
8363
6471
6951
7129
7862
9561
9910
7567
7062
6796
9468
9042
9229
8197
7763
9783
8316
7875
7290
3807
9268
8096
8131
9168
4447
7603
8706
14775
11066
6509
6570
7339
8751
8434
7575
7643
11263
6927
8056
9891
6525
13179
5167
3124
7571
3966
10732
8689
5095
7550
8158
9146
9908
7776
11662
6385
10011
10726
7776
7605
11251
7815
8124
9171
7138
9989
7964
6786
3873
6938
5712
8221
9338
7784
10766
6681
10102
7916
10614
7403
8106
10014
8680
7225
8739
5168
7127
7741
8690
10363
6041
7354
8492
7043
6282
13158
8255
5990
8042
7922
7339
9201
1232
9209
6656
9612
4911
8100
8032
9815
6103
7545
9737
5302
9355
12062
7446
3076
7391
9884
10515
6780
9095
8672
6410
6796
7037
11545
7220
8404
9127
7499
5691
7404
8232
6984
7842
12918
8347
8289
6849
7595
7617
7978
7744
8855
12164
9169
7485
8754
8039
6982
7406
8899
7905
8178
10055
6760
5403
4047
5659
7567
3470
7580
7363
8219
7183
7142
10444
1295
7561
14700
7545
7183
8204
2778
8065
6672
7087
8235
7843
7101
6569
6540
12283
7178
8757
7046
10086
7931
9317
8913
7407
7198
10406
7658
4687
7281
10807
7013
6027
7666
9379
6228
7683
8200
7289
6306
10491
7827
7816
6669
1851
9594
10231
8734
8208
9957
12837
8369
6909
9406
7198
6441
7111
7425
7046
6623
7396
1194
9333
6489
4817
7287
7206
6718
7415
9955
8191
8985
7093
8148
6306
10679
7696
7286
8364
6617
8808
9400
8114
12562
6685
4549
8210
7072
1896
5825
3731
8065
5904
1290
1505
10156
8089
8307
6106
2230
7678
8177
5442
8254
7978
4904
6730
7087
7436
5584
7655
6683
8918
8128
11377
8882
4478
8422
7107
9666
6704
10224
4754
7302
6106
6625
7640
8942
6973
6511
13455
7773
7528
6849
8628
8092
7434
12370
7977
11414
7540
1781
7081
6791
7102
7920
6795
7924
8386
6255
7253
8668
7976
7160
7346
7294
8842
7165
7897
7002
8980
2738
12238
8051
8316
7582
1141
6009
12550
4673
4817
7308
6582
8909
8889
8290
9156
8216
7647
9533
6641
7875
2973
9930
8805
7205
10667
7058
9810
7519
7294
5019
8899
6959
7088
7534
7677
9575
10696
8776
8124
9246
9217
6259
10229
7678
8334
7641
7419
10720
6608
7788
6890
10835
8325
5200
7729
7851
5982
10670
12247
8362
9784
7188
11350
7361
8696
6219
6735
7128
8040
7577
6801
10217
7350
5867
10455
7035
7199
7723
6832
9971
7627
7575
7359
7583
11926
8887
9077
5425
8195
4320
12379
6453
6742
2303
7193
5508
7243
9293
9139
3618
9411
8083
9593
8739
9229
8365
3261
10974
8736
5864
10656
7274
4428
6917
7101
5098
5391
7860
8515
8067
5169
6290
7849
6940
9703
5329
8168
5532
9344
7743
7388
9827
10312
4061
7555
8842
8153
7463
7749
5757
6931
7107
8063
7954
8811
7104
5612
8856
9170
4499
6477
5971
10118
8984
7527
9590
7328
2128
6614
11212
6109
8960
5655
7353
6972
9911
7050
3241
6684
12678
5709
8017
7284
5997
5392
7186
5561
8025
11645
5465
7126
10199
8939
8913
14028
2205
9251
9349
9213
8854
5462
6514
7981
6870
8081
4322
7764
9863
10073
6882
4566
7317
1994
7606
8680
7921
5729
6688
7385
12646
7508
7087
6823
8067
6668
7670
10211
8409
13160
4439
7010
8534
7480
6153
5855
7146
7015
8207
8307
7625
7622
8162
7282
6918
7620
6577
8166
10122
11095
6014
7789
7772
4911
2916
9176
10142
8591
5972
9138
7165
6707
7133
8695
9734
11572
9830
11928
7836
12457
6898
8190
7665
7453
9720
7200
6213
11171
7240
7362
7159
8157
8607
8541
5933
4711
12458
5317
7590
6931
8749
8622
7314
7087
8336
5985
7876
7581
7263
8625
9500
8227
3653
12671
5832
5840
10569
2983
7782
4083
11161
8403
11561
1262
8467
9022
6785
8797
9250
6856
7227
4686
8498
1329
8281
4945
7542
10182
3204
9331
7009
8263
11171
9174
9333
9790
7257
7140
8111
7411
4868
8519
6912
7515
8255
5100
6409
9462
11559
7847
7583
8656
5222
8734
8143
9689
12334
8703
7595
10075
5839
10267
7935
8533
6077
7627
6017
7252
8666
4410
6975
6878
14527
7200
7243
9467
8211
7603
14251
9262
6311
8321
11163
7617
4402
2073
9318
7455
7150
8455
10181
6048
6115
6693
7283
9015
8336
7831
5131
9470
7577
10303
8922
8069
7276
7256
7190
7566
7916
7273
10251
8881
7174
8259
2586
8274
8955
8013
7023
8945
7715
6948
10670
7916
7748
11271
10066
13184
7532
8727
9139
7366
9714
8409
11870
7668
7107
6656
8245
9185
6939
5972
8909
7617
12497
7248
7831
8092
7114
7718
6714
8317
4881
6013
4341
6836
6813
7316
7489
2827
7343
8050
7617
7254
8402
10163
5902
2199
5072
6926
9040
8710
7586
4162
7228
9438
7887
9486
8439
4612
8613
5743
9273
10469
7894
5790
8813
5750
9280
8011
7358
9725
7266
5817
7681
8226
6070
6842
5673
3562
9001
8726
4452
7546
7006
9468
8911
8890
10959
9123
8344
7825
10388
7071
7997
10712
5694
7175
10365
7636
7623
8440
6153
10023
1906
7216
5787
8329
7265
12465
7345
8018
8601
7265
7817
9460
7252
8793
8296
8433
7001
8300
7302
10322
8025
8515
8413
10653
6921
9161
1746
10329
10355
11476
8083
7239
5940
8667
5540
9320
11101
8283
1506
6924
5994
7693
6735
4292
6948
6030
6964
7265
8507
9738
8450
6237
10531
8625
9385
7242
7435
8761
3694
9662
7031
8730
8410
8195
6932
4727
8298
9878
7646
5386
1248
9838
11199
6877
8927
7367
7073
7921
7134
5723
9848
9310
12603
10396
7243
8081
7453
7461
9346
6223
8290
7474
9726
8073
9291
8227
9260
8190
11253
7099
8012
9227
8435
9345
9768
7845
8639
7165
10585
1218
10487
6965
14025
6980
8460
7440
7464
8957
10391
6783
6864
9642
5992
12228
8263
10512
7361
6251
4588
7976
7621
8482
7463
7732
8412
7473
6624
6181
5009
3049
1680
6442
8404
3460
6014
5934
3204
6072
10434
9077
5816
11781
9854
7594
6443
8246
12105
5749
8563
7667
7191
8732
8579
8585
8116
6633
6924
7798
7092
7544
7639
10939
7853
8562
6841
4523
8026
7792
7551
7103
9575
7409
5772
7860
7711
6279
9498
12790
8667
7182
9710
4304
9426
7502
6899
11797
6348
6191
8002
8462
7582
1239
7406
9682
9789
7913
11094
7948
13187
7798
8052
7312
10184
9572
8653
7596
7713
7702
11845
8576
9082
7532
11190
7996
6466
8688
8122
5750
8368
8283
4989
6953
10044
9581
7815
9181
10473
10229
6222
8112
7383
7465
8821
8988
8199
8353
13648
7158
7327
7035
9763
10010
7559
6744
6968
7957
10959
7267
7622
1163
3365
6574
8702
8677
5201
7503
10183
7126
8017
9470
10220
8129
7288
7332
8679
7389
7580
6533
6670
10093
7921
10250
9029
7515
11263
8167
5007
6639
8761
5820
9084
7941
6226
9239
8061
6974
11724
6922
10577
12845
7111
12943
5989
7476
9339
7055
9373
6934
1031
7375
5988
7934
10215
7187
