116
65
141
4
11
32
1162
103
2629
122
57
9
315
198
56
232
90
8
137
116
8
6
30
20
7
7
176
79
73
138
36
15
743
37
1
11
8
5815
7
4
58
576
13
5
33
257
70
15
2
12
177
3357
13
5
760
91
51
199
45
56
12
98
85
2428
366
9
226
4882
6323
7
95
2
44
92
14
11
79
102
4
54
33
77
53
6
61
101
2
10
36
63
8
4
51
37
14
15
7
60
11
119
4
3271
13
10
8
52
66
32
8
11
509
15
118
39
61
10
14
257
6
13
142
6
10
15
15
31
4601
60
4
1060
34
13
35
191
178
73
12
31
15
8
54
14
1
3
7
15
15
82
11
143
56
76
87
563
189
49
219
57
9
474
32
117
7
6
238
2551
10
4113
98
10
549
15
6761
15
3
9
14
249
34
20
5914
2
10
2
3
77
138
7
3
117
534
6158
1319
28
13
560
3
49
1
12
8
5221
32
226
1
188
264
30
2
15
4
14
88
3
8
15
90
15
3
43
396
39
35
7
8
10
14
10
50
137
4643
42
6
1
6
1
416
69
91
10
4938
2760
115
8
3932
1318
861
91
4
157
9
18
1
73
235
52
77
44
35
10
34
3543
13
49
10
204
3
22
2446
2
3
14
12
36
6149
5973
13
1152
76
50
79
11
189
99
15
14
177
148
203
15
8
42
90
12
1
5
53
3
10
1202
65
7305
14
66
67
13
311
5
103
13
2546
15
3
639
294
2
13
6196
105
67
8
421
15
1776
14
59
12
69
6
292
304
37
94
2
15
5
6
44
54
877
126
179
28
2
13
11
2
280
820
2795
11
4
30
5
45
15
7
70
105
11
79
9
8
80
373
9
8
2275
6
8
19
6
4
10
12
1
433
6442
2920
53
31
65
82
14
11
1
6
12
1216
65
7
4
6620
78
6
1
79
31
2
48
956
1421
8
92
4
13
5
10
4
316
2173
1
14
4
11
86
270
1
8
12
3
281
6
2
366
27
61
5
33
49
3553
11
7
189
115
41
52
121
35
99
13
39
8
31
471
15
80
13
191
88
233
7
5260
118
4
327
5
105
8
13
1527
9
1305
4738
7756
8
534
14
5568
7
2
15
319
13
2
48
67
10
6148
6
10
85
36
84
5
4
150
47
1
7
65
39
13
14
74
6439
10
15
37
54
517
69
9
14
10
246
4
35
161
36
6
14
4
7
9
10
7
79
5
4191
79
12
1151
71
14
12
8135
2
40
44
6140
119
7992
3
6282
39
28
7
244
18
1191
162
17
164
13
15
11
11
35
652
116
106
15
4
4
8
2
2
42
62
359
3
8
3
6521
158
49
5
2
13
10
46
29
5
4151
135
3
13
3
54
143
4670
15
8
42
2579
13
4
49
4252
1
15
12
15
42
6
489
31
140
5107
296
4
9
1148
6
521
9
8
9
11
1808
7
156
114
65
4
287
9
561
3
15
10
197
53
6
287
1539
13
3027
46
246
110
276
11
1
37
5
14
2
672
479
15
8
26
66
1
44
860
622
1
11
546
257
8
12
14
4226
3
1431
1
4
254
423
45
45
5
285
3
35
10
55
14
4
7
32
72
13
74
44
5
62
154
45
14
9
13
549
3
314
4
10
141
290
42
5
8
7063
72
96
10
8
9
97
15
50
24
92
64
263
156
54
7
189
89
7
48
7
75
5
82
11
162
53
11
14
255
3
483
1
20
13
4
215
50
92
143
613
932
73
48
10
4
96
31
247
16
6838
55
6
70
476
3
3
6315
43
143
7
8
1088
8
31
15
2
6
41
5
6
4
105
7150
891
13
3525
444
11
14
6333
143
36
669
1
3
57
5
13
13
62
52
9
3
350
1167
10
5
14
8
55
5
7
28
176
39
188
15
7
3
2
89
3
3
1
25
14
5873
1608
10
4
8
41
9
426
3
7339
6979
11
159
1111
406
32
223
138
5
12
1
40
1
892
42
46
289
4
188
650
82
15
7119
1
2
164
76
8
1784
9
194
31
5164
679
969
3064
714
50
10
60
7
11
470
8
7
10
7
33
8
61
10
35
697
57
4
524
127
9
10
1381
46
1
73
8
100
15
292
56
57
184
120
12
74
6325
123
6187
32
70
9
9
77
9
133
70
70
119
354
2
5
10
5
31
14
7277
7
4
6
11
2
3
51
152
6
5
6
35
111
44
871
4643
857
31
311
8
71
8
13
100
2
84
5573
7
3
4
22
359
4893
15
184
8
1
2
3
4
12
3
416
57
8709
8
1
8
93
18
7537
4
41
4
430
7
2
4
14
392
5
13
5102
136
805
34
5
108
3
5427
1457
13
337
39
19
1045
3
481
14
11
31
6011
7
8
58
59
11
72
9
41
17
2
14
2101
7
39
10
3
5
1199
5
153
39
260
733
4
67
4
2
15
79
156
7
11
612
12
73
12
209
1
33
14
4194
6
1
4510
4277
204
281
4936
5
5
101
45
7
2
15
69
44
39
439
80
55
2
15
17
37
962
5
427
1
142
2
2
122
18
85
73
5
218
6719
29
1
5
94
161
4
2
12
1928
15
9
148
9
47
4
78
6
59
1
2007
425
10
1
2
1
3
5434
160
12
328
6
71
14
12
41
1
998
156
1308
23
102
7
31
48
2
5
11
14
896
15
51
3
199
653
6
181
98
12
5
2580
155
11
67
3
28
111
3
2
29
14
108
4492
152
7
429
88
342
751
263
14
8
359
79
242
45
12
76
6
1
10
94
5
15
7
76
15
2
41
5298
14
8
277
5355
271
2
4
2
375
1988
629
121
65
14
63
14
2
4
88
14
36
9
4
2
1
15
8
33
77
52
163
79
5
463
6521
13
36
379
8
7
9
60
8
78
13
1
1
516
2
6
4
449
246
47
15
4
36
172
28
13
6860
60
8
13
4
60
12
213
13
486
785
108
8
5874
46
256
12
11
75
3
168
78
6
84
3
11
63
6
28
45
5486
101
9
578
15
7
194
14
141
9
11
33
11
78
5
128
33
9
154
51
6
2
15
135
127
12
6
661
14
6
4
60
11
8
9
811
6
15
171
261
11
4066
7
10
36
7
5842
1267
9
66
387
158
8
12
72
236
357
493
12
6
7
33
2
14
3
5
10
7
15
6
42
2251
476
9
39
8
65
83
5451
5102
22
327
55
8
216
9
281
250
159
71
379
7
261
9
40
64
7
47
12
119
93
47
78
6
2
2
14
50
1
5248
615
81
1959
5
15
210
2
82
189
9
52
36
12
12
3069
125
98
8
14
10
2
5
7
14
178
46
2
619
8729
5
40
14
5086
70
63
7092
13
4
3
78
11
6909
14
3623
130
4
160
1151
6
200
9
49
69
9
637
5
2
12
346
69
39
3
276
15
1
179
14
95
388
30
186
7
81
2
59
242
3
13
130
49
36
5
537
291
10
14
5083
4
9
14
2169
72
1
14
9
6
45
3
11
65
1949
2
2
10
11
66
289
29
9
1
74
47
91
8
2
15
15
37
15
37
6565
13
95
129
67
3
2
12
969
65
5667
15
2287
13
404
5
15
1065
15
1021
8
601
95
307
64
2
35
4
1
2926
71
1
13
4998
7
2588
11
3
4
17
202
1012
57
4
67
31
27
11
1026
4359
1606
15
15
67
122
106
14
136
4667
53
16
60
725
36
13
43
1528
146
63
15
277
363
63
35
32
3
8
5
1628
3
60
39
3
4
984
4282
4
14
7
1290
15
3
8
34
11
60
107
70
116
4
2
730
15
8
51
4
4379
107
9
9
15
2680
2
85
12
146
124
806
13
2
5
37
2
8
124
56
37
1
9
6
10
10
41
59
1
14
75
50
471
6
5
6
6
113
595
3
12
55
421
15
10
86
490
69
6
15
103
10
4
6985
1178
42
1866
14
37
62
113
3
9
37
3
45
9
100
70
14
730
42
41
38
31
2201
44
1766
2628
324
123
2845
10
11
106
5
92
5
11
2
46
8
1
43
2
4
18
3
87
13
62
1344
12
6640
22
89
231
11
336
10
67
14
121
407
884
5
6
4
1002
86
11
3
46
43
225
28
5
48
92
139
157
10
2
14
484
92
6
88
174
123
50
14
5
14
12
10
196
6
105
10
97
163
140
8
43
70
71
15
106
15
1
8
12
12
6670
1
45
230
11
61
992
7
5
1319
11
2
14
1
1
63
5
14
94
15
3
6100
30
130
46
8
37
37
239
6556
31
1376
67
13
129
7
38
58
343
63
129
4
1
587
275
14
15
38
62
50
8
56
32
353
865
61
278
1018
11
107
1
8
1
39
2
219
6584
38
32
5
96
43
28
5491
6
5
825
2583
563
11
14
11
1
2039
9
7040
10
58
14
2
1094
4
15
60
12
10
2
93
52
1
13
12
6
175
3403
98
52
189
2
7
12
58
9
36
340
5
154
479
1
13
11
9
716
12
36
918
33
4
60
202
5
60
83
16
369
8
2
6
15
3
15
7
3
13
69
4
2
1922
10
137
287
10
185
313
930
8
290
5
91
15
6
49
10
15
6010
10
13
5929
33
50
6
450
129
3
5
10
8
1
44
780
12
6375
9
12
48
6
10
60
57
48
2
7
3913
5
15
135
287
108
61
54
57
5
15
548
9
139
10
154
81
13
5612
37
832
103
10
7
6
44
4374
3
476
95
1688
55
60
98
35
5
10
9
30
8
13
9
6
40
72
154
5
7
40
2
14
126
2
1155
2
13
36
2
2
153
72
4
230
1
56
8
7
5
39
116
15
10
36
84
16
251
4604
391
3
30
12
756
3
167
8
1
78
2
6217
15
777
36
4856
2
23
10
91
1
493
78
6466
1
8
46
3
11
363
31
1
14
15
11
1
3
204
15
7
77
45
9
16
3
153
69
42
45
285
58
10
17
36
78
7
4
357
10
623
227
31
148
49
132
39
4
571
21
56
6
13
5
168
1
12
4
8
54
14
12
355
174
7
96
102
32
7
15
885
54
83
98
190
259
9
274
7
15
240
96
4
1
2
6
10
17
66
4489
55
8
15
3
7
2
166
8
23
1206
64
39
21
915
72
5
54
49
62
4
155
34
7
12
1
3994
2
5
71
4062
116
15
743
6279
14
7
720
8
58
358
15
9
3
3
14
3
69
12
25
6
60
67
1
86
12
211
4
81
3
12
37
121
66
1167
37
13
139
151
2674
45
141
3
7
15
38
14
14
40
87
21
79
193
333
28
135
243
76
49
12
81
352
72
14
190
5
36
6
7
78
44
80
2253
54
5
437
643
94
3
177
7
1486
14
12
8
6478
592
11
14
28
91
109
1998
14
4842
101
11
32
137
17
13
4
44
92
5
11
52
35
33
6854
1
14
2
2
379
194
51
42
115
5
271
330
8
478
245
327
55
104
333
146
20
15
15
5339
10
9
8
112
3
42
6
138
2
8
7178
5231
63
31
68
10
8
822
44
15
12
379
771
9
15
4
12
117
88
2
5
170
135
133
60
8
429
15
11
5
13
8
7322
7225
7
14
10
514
15
96
490
1
9
9
58
156
8
81
12
10
7
1
276
15
389
87
4
7
6242
5
13
17
98
64
13
52
6
48
3
4
1193
46
394
167
134
70
15
5291
2081
98
42
3981
325
59
39
285
1
7
15
71
59
9
68
96
1
54
45
979
8
80
373
7
29
11
3
11
572
131
181
73
5
44
110
8
119
56
11
1
501
181
224
8
9
13
7615
1003
1402
13
266
115
52
9
687
37
46
139
11
13
4
11
278
57
116
1
53
8
100
78
40
1819
12
116
1
13
924
15
8
123
105
160
5
23
232
57
170
440
7
1
45
11
929
9
66
171
6488
1
54
44
198
6
752
6
2
15
37
41
40
4166
4
37
624
7
14
3076
64
12
14
467
44
14
45
405
79
6
5
67
15
323
273
4
14
83
5
8
50
5
7
4
921
3
105
15
7
4
89
64
110
50
152
150
840
1415
446
54
4
88
205
257
125
7753
698
182
80
91
205
606
6
119
6
5153
2941
698
1496
15
101
107
2781
39
10
768
5
5
12
1232
196
109
10
591
608
47
2
2513
11
15
44
69
91
35
10
73
392
501
6
47
199
168
205
67
168
108
399
15
12
4377
42
33
5
255
63
3
6497
365
2
132
1677
6
3
13
395
11
3545
4
54
14
268
2
5012
5
6
86
505
7
83
35
579
2026
10
2484
294
64
9
72
5
139
41
147
178
119
15
53
58
27
14
1
1
13
14
7705
15
6
1572
3021
73
19
83
302
137
10
32
15
81
40
4
15
8
86
445
1
10
43
5
3
947
127
5
61
11
50
347
6980
37
282
213
60
8
177
4
11
375
79
80
9
3
61
2345
306
7880
44
2
5331
13
88
2
10
3752
70
90
68
108
14
14
4
2
6
116
5
737
8
9
168
7
199
64
7
15
7
14
6
15
6
9
3603
92
1
3
2
63
736
46
301
11
223
177
4
6
71
11
7733
101
54
3
88
10
8292
83
451
46
14
3
23
9
3
3
117
54
624
15
7
291
121
10
87
104
13
51
2
13
15
934
6
115
286
6
3
76
60
5939
115
2
10
11
266
21
76
11
213
2637
140
38
6
2309
10
17
14
5
11
9
41
186
115
75
18
857
2
13
4
8
44
33
11
105
159
59
215
116
38
6
5509
2487
80
53
3
38
10
14
9
13
13
1
1
4
13
9
3688
13
31
240
14
10
1491
2015
70
14
191
5110
90
649
2
13
18
146
86
73
109
8
225
549
108
6
3
1
15
321
13
7
3
9
10
508
631
13
5
7646
75
1
63
323
1
12
20
74
2
9
41
1717
610
41
6267
5
6
61
725
155
61
186
11
9
1
241
1
99
2
76
196
9
13
141
39
3
43
79
7
452
81
2
593
327
7
124
52
55
13
13
59
4
153
18
503
49
14
341
5
5
1
191
10
8225
2775
12
32
2
62
38
134
96
901
1584
5
15
114
23
5
9
101
982
174
6
10
34
10
9
426
43
2
37
99
67
4764
66
10
54
368
58
10
16
13
15
232
5
12
539
52
3
13
40
3
11
3013
9
4605
33
15
4
929
46
6
51
73
9
7
79
7
9
11
2
67
158
47
11
12
1
6
4
69
3
6
224
65
1896
13
59
5920
107
1
12
6
13
988
6
1060
294
617
220
4
385
127
13
8
532
8
4514
112
15
12
31
216
45
82
43
740
2
128
14
286
10
1469
15
43
56
4
13
86
38
1
72
3
24
75
7
45
450
13
190
63
67
2208
13
39
12
5439
1025
207
3
55
89
55
2621
14
4133
14
69
2
28
8
414
96
11
15
51
424
419
102
8
663
44
41
2
905
172
1
39
125
1
4
2
6
1
540
54
103
48
31
7
7
84
139
317
51
49
4
4117
923
6
7
2
11
32
247
5
70
8
17
623
12
107
81
493
88
59
1
1
5
162
5
472
6188
9
71
335
9
5
3
200
7
13
11
9
151
105
12
98
2
40
15
557
37
40
1
70
2
3
7
332
193
13
1804
38
128
41
7
30
5
12
279
3
38
298
92
1
19
344
91
7
7412
5042
10
75
747
50
10
110
866
75
12
95
60
13
3
461
1
48
505
1
99
6
60
319
1
151
37
122
67
1227
294
2697
87
101
77
5
3
403
145
114
518
189
2
459
2
65
14
4
39
158
12
115
261
291
85
9
27
62
2
19
11
9
3
9
2
53
587
6
14
344
17
124
14
4
59
104
7
2
12
5
67
8
10
71
877
77
515
13
2
405
40
10
7
2133
58
99
2478
391
2270
10
5
6
15
4
576
4
11
8
140
31
248
44
153
62
7871
5
81
5792
330
3
62
141
3204
46
41
11
213
118
168
108
5
4
96
884
5
96
13
5
42
60
491
3787
55
62
4
14
14
15
8
176
77
14
7
1401
15
116
1
15
71
2
46
51
212
69
4
1
4631
1201
34
3
4
5101
179
325
12
15
53
10
7
9
620
135
4
65
13
2594
13
62
39
128
7
87
167
84
299
308
3
77
2
5
8
244
780
9
140
14
89
2
3
689
7
11
54
180
62
14
4
97
40
57
7782
13
92
8
2
38
58
97
2926
11
97
247
5
488
7
189
5172
70
4
6420
93
4
2
12
109
12
13
31
3
43
420
54
7
69
49
73
5
577
20
151
31
2
121
12
2
13
627
29
14
32
4
84
4
77
87
328
46
4
43
70
11
4201
30
3
1
420
4
11
71
60
462
120
5
9
3928
79
76
312
20
13
4
148
9
137
72
829
125
62
387
338
42
51
79
7071
112
834
90
70
244
14
125
4
317
79
12
7
4
88
2
15
60
40
58
12
1
100
6
171
65
76
112
7
10
77
42
113
2
3
37
6
9
3
6211
12
285
11
8
41
3
15
86
35
1
13
106
493
3
12
14
396
24
2411
62
516
6
34
2
5
65
3
3
10
89
3
32
8
73
71
94
1368
242
7
485
144
12
2
5
238
99
4
38
19
1
86
597
42
101
22
10
198
15
66
78
125
2
58
167
60
6
411
106
207
3
34
76
111
4
1969
69
1
5
78
106
15
55
39
2
6033
3
880
539
291
15
284
57
13
15
4
3
84
58
52
14
6280
334
253
757
70
410
11
65
14
39
3
74
4379
3
8
250
10
34
46
11
9
70
37
685
58
8
1336
52
53
84
14
56
2
8
78
13
13
129
11
266
6
148
1
284
577
4696
45
289
56
1759
11
1058
4
375
144
113
472
252
353
242
103
9
1104
98
47
6
75
691
6450
4
18
4
20
14
18
1011
12
6
8
5
12
4
54
2446
12
107
1375
15
74
29
12
124
12
76
165
14
62
6
14
247
2176
7
1
56
1
4
8
147
907
4
200
8
1665
34
41
100
5
29
50
9
7743
11
6426
67
10
91
78
4
3
11
9
6
7402
15
1010
3
64
38
89
41
3
8
13
126
1
475
2
3
238
23
11
6
15
2
88
309
98
58
772
2
55
181
910
41
908
12
92
36
32
408
14
1
2
8
5537
63
359
13
50
762
85
4803
89
3
6
57
597
5
56
2540
17
7
4
13
49
126
826
51
15
91
4091
233
2
55
7
98
11
15
35
15
12
178
418
27
51
336
9
120
5579
76
98
110
2
21
15
10
123
6
47
40
709
12
386
8
42
57
3
311
568
15
165
13
58
74
156
57
9
5
305
201
12
4
760
3
171
389
4
4
83
73
99
39
11
90
6
13
4
242
579
1273
132
3
9
4054
5
73
189
504
212
8
11
7797
7
14
49
21
88
7
9
8
6
24
63
6
72
4
8
8
42
587
25
97
5
2
76
12
65
666
36
44
82
175
285
120
5573
58
5124
14
3830
11
123
2
12
97
9
326
6
140
7
75
12
13
3
71
2
5
19
92
1
2
3
639
5
63
340
139
14
6
85
54
146
1114
4
2
103
4
419
84
2
3
4
405
19
6707
7
6
40
33
378
3273
2
9
6
941
5
518
1
6365
4
4
8
102
15
138
11
13
84
619
13
1
4
70
97
1
96
95
13
155
56
87
8
6080
3
37
102
6489
8
451
82
161
1152
115
100
287
140
9
1
13
154
101
72
203
14
342
108
337
5
6
52
69
16
9
13
13
3736
73
41
439
63
5
247
53
56
49
1
241
58
32
4
315
44
47
12
7
77
213
14
5089
3
8
1114
11
343
62
5
6447
5
29
7
257
136
76
607
774
81
2
4
47
183
3
4
19
326
80
2
60
59
13
12
9
50
15
13
285
2
843
1636
77
46
4
15
2
10
263
229
14
85
87
7
7
494
198
36
296
356
42
7
9
187
2
12
14
11
368
108
1147
757
3
131
196
184
5
83
73
3894
29
1
21
97
107
29
2
2
40
30
849
257
14
341
410
4
63
6
2216
159
11
48
3
14
12
48
167
5
1
92
1104
328
331
431
179
12
6
286
115
115
1371
11
8
5726
93
4
7098
14
10
280
4
182
484
3
2839
7
57
113
78
11
304
6
12
109
567
2
13
1
4
2
94
49
36
104
73
68
99
48
10
635
143
10
241
94
302
116
107
38
908
4
1553
498
60
10
15
39
89
36
49
9
357
402
39
1392
7
88
7
159
290
5257
10
81
36
231
5589
11
2
5
12
76
45
4
593
31
3619
58
135
145
5
2
62
206
72
2
111
36
355
13
131
9
32
76
85
71
14
4
118
9
1654
826
10
8
298
63
532
1
7
75
8
143
33
9
1
181
51
74
49
8
80
50
73
13
13
789
137
7
319
8
7
40
188
8
290
21
3
15
59
150
48
3
13
1
47
4
56
5
143
6
59
106
36
60
12
139
77
116
134
4
4
426
72
11
4315
13
930
11
68
9
14
59
6
55
97
9
158
1
93
37
1901
14
103
39
50
89
11
341
6
227
7
1
109
349
33
443
11
1
100
98
20
15
148
8
14
10
2
68
2227
15
321
93
102
581
6
163
114
34
149
64
6
4
4
6438
70
15
268
5
616
207
17
40
10
4935
465
986
3
275
310
42
48
3
69
50
125
28
2
39
292
98
10
37
92
9
7
13
8
14
7
269
5
92
4
5
590
33
42
5
71
10
10
9
330
500
4
6
155
39
10
119
11
1594
8
3
2
48
9
1
84
2
12
43
3
3
46
135
5
10
59
286
1374
70
2549
5566
2417
3192
5
2
49
727
496
174
6103
1513
38
41
44
43
48
6
14
65
85
157
46
587
15
72
12
2
12
5
125
75
60
586
6
52
142
429
20
6320
3
3
1666
32
14
354
170
38
15
3
14
44
385
42
13
332
5
14
3
59
39
56
11
435
463
73
15
7778
60
22
8078
316
221
86
159
582
42
67
82
39
5
4
958
276
163
3
16
629
1611
57
3
15
13
2
12
179
6
7
511
4
3
1
10
2
2287
4
6
48
15
471
1282
68
3
51
78
32
104
133
34
77
211
36
