7979
12708
12857
11166
8411
8212
9125
7247
7470
8469
9793
3099
9504
6960
6642
11007
8988
7853
7902
9564
6051
12117
14749
9426
8887
7145
8519
8507
7576
6996
7346
7097
9034
7615
8209
9349
7012
4239
8361
9368
7674
7054
9131
7273
7572
10239
8014
8787
12609
7274
7353
7680
7341
8926
7952
9230
12651
7519
8474
9742
7058
4558
8919
6448
7212
7923
12434
8417
10543
8676
8102
8726
9002
8043
7674
7754
9903
7188
8014
8001
12097
9163
8402
8066
7340
7403
7314
6877
9286
8712
7514
8291
8145
9960
9347
6870
7908
10860
8473
9622
7222
7946
8321
10329
7335
7872
7873
2390
7949
8379
8184
6773
9396
7715
10634
8420
11975
9002
9018
7433
8362
7798
8183
9273
11484
12618
8529
9790
7386
9293
12830
7654
9976
7349
11183
11655
8775
7738
9419
1183
7561
7225
8827
8012
11201
1259
7311
8703
10539
13136
7388
7214
10998
8872
13327
9410
8870
7884
7059
9129
7753
6904
9639
8092
8131
12538
7900
14447
8640
7171
8066
7871
11111
12035
8339
7533
7099
9633
11053
7970
7968
8788
7367
7259
12538
8685
8649
7886
7256
8603
9057
7268
7034
8776
4388
8262
7205
11814
7756
2341
8250
7251
8572
10540
9444
8112
8198
6990
7515
9158
8203
7569
8803
6746
7417
8981
10904
11789
7112
7162
9737
10129
9658
8423
8219
13066
8798
2023
7334
12382
9291
9115
9293
8807
7240
14785
7611
12841
11452
6779
9903
7819
9000
8390
12543
8643
7923
7406
10661
10080
6886
12738
8732
7726
13090
9525
9282
7635
9795
8684
8335
7130
11669
9322
7258
8673
5927
8436
9102
8115
13352
9427
10418
8337
10532
13216
8611
9161
8177
8160
8498
7801
8647
8380
8794
7712
7270
9341
7117
8561
8036
6929
8203
10014
7476
3316
9728
7674
7499
8256
9815
7864
12511
8643
1341
8038
8710
13628
7971
9005
8285
7277
7911
9834
8178
7472
10854
7287
8116
7283
8138
7015
7854
9860
7644
7022
8609
7191
9425
7448
7466
9541
8640
8149
11232
8758
9482
8667
1806
7248
8021
7845
8534
7259
11289
8479
7805
11083
11506
8199
4389
8287
7509
9921
7432
7171
8354
8736
9349
8555
7914
8964
7579
7492
12340
7920
6920
4830
7182
7294
7711
8230
10932
9786
9904
8050
7372
7926
12329
7913
9239
10122
10745
7645
6568
8998
10625
9501
7767
7671
9200
7568
11921
9840
7078
7375
8128
8460
11892
7524
9781
7096
10494
10515
9307
9551
7163
9854
13070
6627
7491
7423
9105
6639
7367
8444
8594
13950
7693
10447
7514
8287
7321
10724
12304
11380
11164
9211
10142
10456
8298
9537
7808
8598
9705
7144
7091
8612
7692
7946
7857
9103
7706
9939
9449
9604
6943
11330
9600
9591
8645
7694
8628
10004
8322
8005
9717
8080
7651
9634
7480
6254
8724
7550
9586
7003
7323
11649
9873
8043
8672
2805
8529
7906
7338
7464
8854
8067
11253
9250
12269
8961
11677
8462
9401
7871
7431
8143
7366
8403
6667
8476
7559
8000
7199
8319
7386
4947
7022
7391
8441
3727
12164
7971
11685
7779
9971
10078
8835
9362
7077
7305
7462
8839
9662
9259
9016
1138
7419
8887
1323
11180
8740
7504
7155
7234
7253
8182
6846
6755
7863
7023
7458
8056
7840
7232
7812
6952
10681
1011
9286
7969
9014
11824
7585
7858
7066
7900
4921
13123
9112
10328
7699
11348
8256
11603
14013
7400
9837
9197
8453
8574
9075
9081
6043
8503
9645
7509
3698
7353
7797
9132
7903
6746
8271
7991
1381
7403
10808
7828
9039
7898
7088
9657
7572
11155
9195
12599
8858
6142
7075
7833
8108
8620
11558
10708
7652
3247
7070
11583
6768
10938
6856
7785
7828
8240
7829
9104
10299
6708
9369
7430
8426
10430
8846
8783
9402
10297
8151
7590
8610
7228
8600
8869
8070
7615
7489
8357
7202
9694
9531
6996
7975
13504
7167
7704
9620
10727
8277
11433
8776
8693
15719
9228
7166
8044
7269
8014
9855
7175
9642
7107
9820
5718
7047
7050
12519
7212
11646
7357
4732
13409
7183
12428
8701
6246
9327
8681
10468
6965
7919
8511
7188
6552
8462
7518
7555
7438
7554
7225
8924
8072
7568
8454
8588
8214
9596
9679
11289
7423
7870
9267
7867
9014
7839
6877
10237
8146
10010
13662
7102
10005
7295
8324
7057
9465
7625
7882
7124
7398
12549
9977
7377
8298
11534
9369
11016
9677
8981
4862
9033
8850
8021
8494
8473
9922
12950
3409
7301
11953
8270
10122
7596
6951
9105
8461
10828
10276
8346
13496
7976
8814
8533
9055
7510
6842
7391
10104
7261
1380
8721
8702
8510
7734
7599
7186
13377
10864
8016
8861
9169
9110
11368
7226
7823
7664
9807
4906
11313
7390
9211
7333
8040
8666
8539
8417
7006
7679
7964
8321
7573
8376
11445
8128
7584
10727
12822
9075
9840
10002
9597
8141
7510
7494
9550
8547
9082
8629
9398
8447
7486
7705
7985
7592
7462
15406
7801
12210
12264
7801
9177
5560
7349
7244
8420
7882
10278
7071
7786
7655
7391
9486
8082
11119
8244
9277
7179
8633
8026
8545
15473
7403
9387
10547
11933
9803
7903
7185
9891
9547
7309
7448
7058
7068
7694
7607
2543
7932
9932
7376
8692
7137
7582
7891
7117
8476
7265
7531
9110
7846
8378
7534
11532
11577
12750
10027
13135
8876
8336
12833
7627
7730
8259
8557
9130
6968
9308
7671
7682
9738
13972
7900
11863
10606
2380
7270
7268
7737
8899
7956
7075
8887
7926
7798
7833
7553
6640
8462
8316
7739
8710
10267
15101
8652
9002
8526
7065
9352
7803
7483
9452
7362
5429
10178
7737
7138
9084
7963
7602
7800
9258
9309
10299
9107
8337
12360
10848
8909
7536
7106
3406
9980
8207
8833
7525
8629
7728
13932
7296
8575
9141
9798
10420
8384
7346
8514
7100
7521
10121
6911
9908
6917
7401
7161
6934
8942
7538
10698
10433
7863
6626
7499
7607
7490
6850
10344
8346
10368
7930
7395
8329
9819
6677
6752
9761
7060
10684
8344
11179
7577
9701
11366
1747
9894
13392
8327
9361
1551
11107
9829
7184
8405
8573
7100
7668
8115
8336
8231
7737
11862
10432
2196
8852
7366
12728
7677
10427
10262
7691
6906
8859
6623
7882
9514
8120
7502
7964
7974
10629
7343
7863
7837
7646
8336
9909
10136
8522
7736
8901
11634
9100
9462
8427
10959
8646
8607
8115
7441
7888
7583
7917
8150
7271
8139
8633
7564
9540
11489
8112
8458
7147
7202
7824
7221
6655
2655
8507
12525
7568
7543
7227
8378
7678
8309
6489
8635
7094
9103
10607
7159
11832
8098
7242
8590
7856
7913
9002
9544
8485
11699
6945
8381
12649
7211
6428
10923
7306
7686
8202
9262
8376
7737
8322
7921
8449
8538
7868
9442
8158
7997
7617
9863
7807
11081
7160
7578
7981
7524
9057
7404
12461
7755
6643
9503
16203
16283
7397
7408
7568
7993
6971
9550
10958
6991
7867
14202
8745
10999
7383
9706
9594
7183
8000
1008
7030
7287
8713
7218
7241
8611
9973
9210
13027
10540
7278
11288
4037
8097
4809
4540
7609
9175
7824
7329
6953
9550
6766
8465
9486
8402
7701
8234
7529
7349
7418
6927
7136
8209
7996
8923
8233
10181
9443
3309
9531
8623
10428
8655
8553
7886
9470
8632
8309
8063
8295
7143
7640
7743
7578
7056
6973
9641
8038
8976
10895
7819
1713
10555
9069
7839
14986
8311
8789
7036
7294
9678
7931
7380
7644
7943
7311
8552
6503
5179
9741
6562
5016
8343
9540
7347
7038
8727
7155
3963
7295
4602
9153
8354
7618
7088
8103
8033
12114
7716
8153
4275
7782
8482
11467
7968
8774
14793
7892
7267
7391
10152
10153
11770
9316
9409
11205
9812
6769
7230
8154
7099
8091
7278
10741
13039
4533
8620
11890
8632
9332
9625
8940
7022
12025
6699
10741
8569
10114
9736
7442
7898
8331
9425
8266
8973
13077
10842
7742
7650
4587
7398
9303
7954
8786
11997
7408
8694
8074
8955
8559
8055
7593
9559
6825
8528
7098
7993
7329
6744
7509
9651
7650
8410
7578
10260
7302
8895
8389
8357
7875
8116
6996
8201
7561
9704
6501
7333
8250
9172
9991
7401
7522
6886
6613
11995
7272
8593
8031
8229
3848
8257
10617
9668
7510
7047
1177
7895
7625
7141
10565
6931
8148
10178
7974
8256
7575
7594
7057
9472
9028
9066
7467
9997
6636
9999
12548
7829
7811
7617
9798
7552
7537
11571
11019
10379
7317
6832
9210
9376
8729
9873
10273
7247
9611
7874
11160
7433
7265
9193
1434
8085
11845
6923
8236
10172
8930
8067
8056
10398
8665
7427
7900
8095
9342
11150
10297
8444
8079
7524
6978
9952
7821
9982
9073
8692
7211
10212
7282
9105
14343
7343
8310
8262
7160
7176
8031
10586
9312
9830
9468
7382
8288
13735
7702
11778
9069
9625
7527
7632
7021
9333
7822
7824
7292
9812
7981
15816
11395
7095
8298
9877
9903
8497
8689
8579
8633
8683
7700
11975
8741
9555
7112
11609
14129
8986
9283
9913
9045
8178
7085
11099
7716
12377
13612
7347
8407
9831
8822
11340
12669
7246
10479
10219
12952
7888
9636
10998
7655
7615
9085
7143
13034
12187
7990
7269
8437
9801
8796
7747
7318
9979
7380
7446
9296
7345
8687
12721
1047
7378
5380
8048
10499
7123
12007
7713
9420
7245
7360
12528
11691
10525
7668
7160
6632
10669
8831
7644
9294
7879
7268
9131
7407
9568
9491
7739
9499
7409
8792
7300
8758
7649
8192
8677
11160
7775
6845
7385
12553
7849
7104
7438
7929
8163
9200
7938
9956
8446
7794
8864
11419
7171
8103
7001
8249
7360
8164
10007
7126
11660
7279
8238
9131
9255
11815
8101
10926
8398
7173
8491
12420
6825
7889
7321
8212
2009
7096
8188
9679
6821
9459
8910
1268
7267
8255
7523
8013
11142
8760
11370
10028
11781
6508
11736
9645
7919
11355
10567
10189
7566
5162
3525
7697
9377
7786
9449
10156
8815
7515
8156
8822
10345
9507
7844
8624
10723
8401
7481
8788
7414
7502
7193
6974
9574
4802
6697
9601
12743
8058
7969
8152
11288
5933
10524
10581
9563
6500
9264
8554
8381
10190
7200
7509
6579
12070
7155
6290
8471
8888
8110
10075
9189
8226
8552
6779
7699
10770
8063
7360
13686
9095
7442
8609
10330
1172
7148
8432
11829
8995
12789
11528
7392
9223
8920
9128
1583
11722
10544
8685
8543
8602
3636
10000
9662
8565
7530
7971
2733
8271
6859
9168
8176
7081
10800
4282
7251
8852
9224
7327
10794
7533
7407
11068
8856
7972
1498
8046
8853
8690
7648
7688
7319
10193
7527
7234
8466
7361
8292
9951
8079
9145
7786
7508
8380
9215
8034
7980
8106
10465
7877
7235
8293
7888
7858
8038
16969
7471
6077
7929
4862
7547
8787
7476
6615
10018
8339
7904
7146
7345
9307
7049
8208
6446
7922
11441
6371
8024
10425
7195
5098
7957
7652
9461
7421
9786
7499
7220
8124
6624
7903
10437
7415
7357
7510
9785
9312
12029
9851
2385
8421
7136
8412
7245
10734
11231
7379
9684
7012
7689
8267
7219
7676
5822
9952
7115
8942
9278
9811
7067
7770
8369
8326
8020
4673
12519
7375
5165
7019
7870
8429
9286
7915
8294
8102
7127
7184
7616
6588
9371
9338
9137
7851
2826
13041
13894
7514
8601
3731
9633
8807
7791
9220
9710
8154
7501
7589
7733
6970
11509
3001
7108
7630
8070
7842
11702
12378
7178
7886
7624
8161
8135
12827
7116
7361
7154
1268
8319
7391
6971
7671
1184
8714
9677
7759
7553
7098
7789
7971
7117
7031
8621
7237
8735
7651
9906
8009
6619
8307
14153
8072
7602
7757
10015
8737
9047
6885
9779
8270
8476
7747
9740
7362
8149
9085
8293
7936
9309
8861
8231
8832
7174
8457
8901
10249
9930
10600
7954
9473
10905
9543
7587
15326
6904
9199
7162
8778
7590
8166
10324
8331
10425
8350
8626
7932
7859
7888
7805
11392
13375
7099
7343
10238
8142
6460
10915
8674
8793
8229
8758
7726
8766
8125
7892
12249
9129
7755
8004
14339
7932
9342
13229
7463
6930
12764
6286
7655
10011
6911
7748
7538
12247
4452
6484
11118
9034
8159
8460
8361
7456
7919
10374
12341
6442
7851
7586
9054
7724
7202
7752
10638
8066
7203
6333
8338
9879
7857
2508
8108
7527
8156
9837
10954
15649
7017
7055
7970
7526
7235
8780
8564
9078
11680
9677
7120
12954
6745
9597
7280
7035
7514
8496
10101
6988
10087
8572
1262
7078
11751
7721
6976
8247
10332
12716
7711
8284
12882
6838
8824
10792
9271
9056
7368
6952
8205
7643
11336
9552
7670
6739
9834
7897
7411
7640
9758
13550
8849
8954
8405
9201
8077
6781
6919
7423
7901
11693
9015
7552
8321
7137
1080
10233
7517
1460
7619
9085
9983
8527
8337
7907
9002
10299
6998
11621
7239
8698
10647
7114
7078
1327
8216
7482
7820
7574
7536
8614
8102
7356
9894
9398
8159
9029
8877
7829
8783
12499
8389
7528
7812
14620
10077
9587
11451
7743
10677
7644
11964
7084
8715
9690
6472
10935
7391
8662
7833
7911
9143
7284
8675
7238
9621
8350
10839
7180
7782
8516
8888
9156
11719
7753
6866
6885
7728
9808
7594
8834
7324
8524
8066
8746
8470
7683
8302
11391
14348
8546
7082
8448
8999
8744
9819
7028
7505
9801
8299
7106
7400
7844
8474
7182
7455
11362
7646
8161
8433
7802
8400
7746
8021
9142
9202
7424
7382
8456
12960
9399
9008
8983
7490
9054
4431
9997
7795
7352
8720
8229
10070
6901
8309
8082
9814
10844
9119
8907
7100
9303
10567
7359
7457
6909
10831
7568
11874
8062
9080
8562
8677
8685
7897
7232
7520
8025
7324
11225
7862
7184
7800
8233
6808
10409
10110
4035
8875
10826
10502
6360
7367
7450
12515
11891
9304
8704
9943
10754
7555
12082
6931
12245
7265
7514
10384
8635
7984
10492
9111
6602
10794
11591
9794
9181
6812
8056
9917
8323
9077
9389
7151
9375
7682
9788
11457
7789
6989
7332
7902
7749
11575
13101
7201
7041
8393
8597
7895
8422
7962
7527
11770
10259
8012
7656
7545
8999
9450
8290
7188
7422
7402
8835
10730
7822
9247
8515
8851
9215
12373
9175
8781
8535
1645
13583
9713
7466
7723
7422
11007
7134
8536
8243
7986
4408
8680
11447
9114
7539
11516
2300
8099
9827
6913
11393
7838
4705
9115
8976
7431
1943
10239
8034
7247
7692
7092
2757
7813
7028
7978
9472
9041
8403
8431
7888
14693
9923
7675
9320
10562
10193
7430
8629
7223
14344
8292
9189
10056
7137
7776
7229
9219
6913
7151
7317
9375
8639
7753
7100
7229
5561
7164
7118
10110
10360
8173
9305
8858
7604
9173
7343
7169
8212
9592
11911
6812
10494
7131
8648
8322
7678
7082
9012
10046
9101
9156
8749
1550
7022
6860
9124
7707
7409
7281
8525
7383
11015
14228
7600
7078
7342
7198
7110
7201
8542
7658
7564
7538
1058
7812
7392
8869
7375
6940
4717
7713
6442
7815
2183
6915
10737
8286
8724
10609
8206
7029
15414
6989
10036
8355
8019
8064
8201
10002
10696
7681
8243
8051
7673
7245
9689
7147
11718
7546
7029
7326
7718
14471
14148
7508
6936
7941
7599
7706
7043
8337
9785
8903
10018
8755
8290
8147
7381
6753
7710
7893
14746
9004
9793
1560
10533
9804
7981
10946
8830
7466
11789
12548
12150
1561
7375
11032
4924
7173
10799
12413
7653
10170
8490
8994
12135
7989
9119
12278
9422
8939
7149
8756
10290
10928
10195
6245
7974
12058
8997
10751
11716
9396
10149
7153
8632
15056
9999
8001
10499
8251
7121
6109
9021
7224
10433
6765
7713
7030
8426
7772
8243
8387
9469
7983
8499
7947
8785
10417
7051
7412
11008
9855
10341
8879
7313
11185
7689
7734
7736
7316
7445
7315
8281
8667
7286
6908
9716
8147
7346
7412
7768
8186
10335
7049
7333
7641
7366
9916
8172
7419
7116
7575
9567
10107
6951
6625
8605
10557
8984
6208
7950
7110
7504
10004
7132
7979
12794
7656
7833
7405
14683
12271
7149
9203
6477
8907
7066
12527
7349
7708
7331
12521
8286
8132
11065
7598
7412
6816
8107
8267
7330
6922
8429
14334
7609
9127
7905
8378
6781
1594
8164
7011
8922
4723
7496
9908
7392
7605
7237
1191
6528
11663
11760
7364
8558
7066
7579
10416
9687
8560
8903
7985
8974
7197
10947
10490
9945
7651
7009
6418
7491
10244
5523
7263
1027
7351
7001
9840
12097
11284
8955
7054
8926
8461
7188
7557
9060
10295
8061
10414
7555
7022
2344
8441
8503
9947
7934
8903
7533
7122
9701
8072
9207
7417
8174
8940
8758
8320
9571
9678
7113
7814
8515
12723
7212
3316
7986
8439
8372
7864
11209
8219
7544
8950
12094
7011
10580
7735
9589
7627
11406
8085
7190
8087
9741
9404
6849
7452
6747
11832
9959
8217
7923
7378
10313
8114
1050
8432
10410
4732
7377
10058
10771
8827
7967
9718
7044
7383
8792
7707
7222
13855
9246
8411
7558
7444
7716
9385
8345
11439
7611
8608
7321
6749
8528
10288
7756
13215
6996
7154
8963
11292
7828
6782
7247
9234
7695
8268
7356
9577
7765
10430
10217
8291
7224
7255
13622
7240
7538
10779
11343
6557
7526
7009
9565
9734
9050
8002
8130
7328
7316
3249
8325
9046
9694
6884
4445
5138
9233
10654
6994
7750
6488
9450
10283
7817
13071
8292
7786
10574
6628
10770
7578
10248
6046
8253
8942
7386
8175
11174
8629
11599
9995
7933
7382
8113
7304
3679
1013
7651
3389
7157
13418
7589
7137
9404
4930
10308
8254
8547
7520
7582
9511
7577
9197
7458
10382
7853
10607
7952
8988
9640
9834
7395
7969
11388
7778
9142
7294
6513
11191
8210
12849
9518
8367
6996
11069
8067
7229
11654
7716
8623
10176
7883
10213
9767
7548
7361
9409
9458
8262
9432
7620
7829
8402
10005
9650
10601
8264
8732
7934
7064
7658
12099
10906
7982
9429
7303
8789
7361
7729
7797
3977
8547
8264
7248
8674
5347
7396
7456
7078
6896
1189
8318
7309
12105
14377
7257
8368
8137
12251
5118
7320
10702
12396
7406
7707
6946
8204
13164
9303
8936
8816
7142
7204
6971
7239
8125
5338
7049
7868
7375
7679
8690
7824
9061
8465
7261
7482
8864
8056
7311
8625
9165
7478
7309
6215
9254
10401
7251
7895
13306
8280
9267
11613
8738
7184
8959
7160
12430
9798
5449
7597
10727
10707
8479
7865
10167
9326
15783
9025
7014
11454
10918
7764
8161
7497
9407
9986
7748
10131
6743
8030
14032
10228
6376
8152
6687
3211
10523
5977
9686
8043
2321
8911
9709
7539
6967
8216
8320
8578
9271
7440
10259
10107
8493
8395
8141
7515
7179
8231
6976
8191
8165
8130
5649
7563
8962
7056
1166
1226
9953
6597
8027
7518
7967
8041
11576
7246
8239
7818
7106
6717
7478
7250
1300
8026
4375
8442
8434
11061
9534
6844
8216
7672
7740
7271
8445
7609
12446
7670
7505
7628
9606
11013
7645
7203
7346
7642
2330
2640
7516
8249
7783
6982
7144
2200
7982
11181
7703
5337
8340
6762
9920
7072
7435
8609
7527
9722
8511
8318
10679
7361
7399
5976
10963
6642
7265
10850
10783
7039
7038
12755
7937
8854
10105
7789
8676
8054
7650
7994
1075
7758
7125
10150
11879
9059
9453
8602
10209
6575
7266
8425
1466
11017
7120
7027
7224
11321
7880
11048
7995
1401
10702
9441
7235
7311
8686
7122
8353
7519
7848
8278
13214
5771
10237
6795
8212
12269
10175
9302
8976
8138
10770
7423
8577
9382
7123
6782
8204
9414
9171
9640
6691
7641
7586
11904
7964
7138
7228
7732
6994
12994
10016
7645
11605
7968
7491
10716
7540
5548
8731
8569
9393
7876
7816
2083
7307
12477
10093
10000
10258
8066
7889
7999
1978
8118
8724
7251
8388
10265
7628
6968
9708
7956
11061
7701
7233
5753
7396
9756
8106
4963
9303
7089
2352
8272
8266
7770
9312
2623
7723
8715
7235
7371
7561
2210
11830
7200
7359
8454
13009
9413
9319
8626
7290
5834
10138
8446
7239
7676
6828
6690
10763
11059
7478
10399
11062
6825
5010
8766
8123
7644
7625
7398
10256
10154
5547
7032
9791
7627
9027
8382
7483
8074
7325
7603
7393
7591
8637
12231
6336
15344
7303
7509
7746
11283
7418
7729
11322
9450
7877
9780
5399
7364
7988
7297
7959
8433
5494
7111
7340
7480
10546
9271
7238
7113
8661
7040
10890
10100
8903
7614
8474
7554
7349
11028
5171
7862
7271
7596
6678
7220
7177
6970
8533
10059
7545
2768
8119
9052
8805
11340
9981
9339
7301
7096
10073
7603
10598
7910
7408
9406
8841
1971
6956
9946
10115
10101
1973
7053
6842
7227
9998
7564
8900
9025
7365
6641
7697
8203
10030
8974
7502
7442
8003
4686
11428
7283
7688
5846
7084
9043
8372
4107
7164
7231
7207
7341
8395
6933
8091
8048
8270
7583
7304
12393
7977
7277
10100
2692
8359
8490
3035
8577
9441
4686
5433
5959
6536
13398
10042
7719
7610
7385
8367
7002
5089
10878
8337
7151
7969
13612
8415
7767
6187
8994
8364
1943
7722
7410
9413
9683
7639
6866
9165
7378
7236
9609
8638
8983
8157
8040
7807
13021
11704
7795
7557
8828
7590
7244
9482
7483
7661
7241
9067
7710
7545
8181
7402
7018
12565
11521
13025
8232
13560
7238
8314
1043
7869
7154
1581
11878
8165
8420
7466
11377
7061
6914
7263
6681
13763
7570
7909
7575
7180
7449
8644
1237
7374
8764
10436
7247
13604
7453
7630
8026
7527
8437
7090
5476
13840
8419
2507
7954
7131
7935
8272
8839
7133
7410
7836
10522
9791
11742
7054
3208
7906
8484
7423
8409
7216
7374
8013
6746
7498
8302
5449
10448
15026
2191
4713
2409
11444
8079
7414
7457
7798
7958
9889
7196
7197
10619
7233
13814
1228
9748
14744
7979
7500
13179
7469
8465
7770
8000
5809
9612
12140
10787
7936
10454
7361
8473
8913
1972
7562
9776
10506
9243
6813
7166
11909
8408
10167
10785
10505
9389
9295
7186
7273
6134
10904
12816
10464
9211
7103
6310
9127
7580
7943
8465
8773
8295
6568
9700
9247
8686
7921
7899
8593
8001
7764
9805
10407
7235
13137
6059
9142
6929
7210
8784
7828
6746
6987
7635
8084
12435
7731
8357
7611
7398
7271
7588
8828
8372
10137
8371
8069
1402
7509
12258
8881
8145
8157
8741
7116
8033
7275
14307
8167
8117
8246
4501
7899
7384
12883
7053
7579
7852
8169
6551
15048
8768
6795
7118
7488
7644
3556
9242
8373
8258
9100
7191
9500
6615
10342
7912
8483
11773
9965
6485
8748
7733
8692
7601
11189
1922
8768
10272
7786
14086
12201
11019
7514
7463
9256
8063
9026
7198
9520
8321
7158
8814
7233
8600
6320
7593
10833
8057
7440
7966
8856
11387
8428
9629
7443
9119
9217
9136
7197
7590
5755
8182
10248
8712
8774
12332
13160
7443
9883
7876
8734
7036
8926
8074
9047
7685
5736
13458
9338
9939
2888
8803
6990
10172
7986
2800
7198
7717
8441
12508
7597
8189
7745
14111
7439
10656
9373
10624
7762
10706
12202
8969
7541
7190
8478
10362
14112
7173
10382
8760
7194
6868
7084
6906
9137
7198
9712
7878
7373
7538
7079
7032
8435
7936
8600
8418
8064
11692
7790
7272
7303
10337
8208
8654
10695
9331
7224
9343
9943
7551
6764
8682
8268
8172
7702
7094
12209
6790
7524
7253
7534
7952
8097
1218
7545
7282
8341
8012
11282
3629
9457
8753
7847
10865
8666
3397
8282
9974
6945
10462
7795
7849
2474
10657
6689
6639
6990
7262
8021
7132
3848
8304
7609
8157
11443
10237
8293
7077
4829
7295
7496
8336
8226
7394
8134
7716
6557
7307
11286
11111
7281
8447
9118
9789
7134
8200
13857
4100
7155
8444
7968
10757
9329
7563
8627
7555
7490
1967
10025
10920
9627
13435
8660
6580
9182
3667
7194
6574
5344
8159
8752
9646
7387
7884
7858
8775
2238
8347
10769
8361
1278
8225
9474
10620
7917
7606
11391
7542
13730
8876
7349
7134
6850
10578
7408
7303
8775
7344
8227
8374
7378
9150
7732
10159
6635
11907
6877
10031
8466
8342
7791
6710
7462
8564
8283
10750
8525
9141
6971
7245
9840
8245
8977
7969
7293
9733
9135
7191
6750
9445
9723
11021
10917
6064
10705
8911
7805
8251
10013
6923
8895
7559
8672
10353
3913
7981
8995
6858
7577
7648
10517
8108
14653
10198
6877
7886
8169
8679
9594
7547
8044
9181
10698
8994
7660
10360
7170
4540
9848
11068
7249
11482
8687
7676
12695
5185
6941
8220
6554
8711
7085
8033
6844
9081
7408
7117
9285
10753
8394
7762
7596
9651
8372
9140
7194
8054
6993
8879
9002
7978
8207
7465
12507
7434
5043
7189
7433
8754
4307
7307
10553
8833
7770
15367
7396
7637
9271
10883
1483
9023
8116
7977
10812
7511
12295
9015
10141
7079
7500
7730
7599
9204
7659
2932
12996
7669
6746
10122
12690
7723
8989
6501
2702
7994
7509
9252
9227
7991
8013
12722
9827
8158
8747
7306
9580
7598
7673
7454
10898
9320
9302
8529
5760
8158
3645
8061
7762
8557
9076
7557
7854
10386
4868
11479
13269
6843
10803
7390
7909
6908
7314
11455
8720
7752
9628
7690
12847
8331
8011
6454
6950
6613
10299
6916
7270
2196
7746
6794
6423
7303
8464
7821
8903
8064
8113
10247
8621
8236
11048
8788
9935
7463
7573
11266
9970
9762
7073
5883
9696
1201
7654
7571
10166
9546
7565
8201
8987
10655
12116
7361
6635
8382
11810
10048
4709
12242
9367
7539
7707
7273
7724
8562
6987
7666
8883
7399
7467
8025
9987
10678
11505
10999
7888
7650
7735
2515
7872
8643
8914
10775
7436
7439
10736
10331
9662
4666
8963
11870
9007
7568
8432
10076
8645
8241
7309
8916
8207
13699
14423
9792
8099
9055
8898
11324
3254
12473
12438
13031
9406
6779
10183
9637
6871
10881
11189
7768
1412
8156
9324
8121
7984
10516
6619
8535
8590
12516
8999
9101
8081
2089
6964
8648
10224
9957
7444
8798
7517
8731
7803
8644
7173
8453
9290
5626
11007
10200
7171
9613
7672
11166
6420
7359
8239
8516
7059
9420
7408
13476
7591
1368
7201
9061
8455
7361
6936
10244
8221
10369
7750
9565
1994
10248
7978
9309
7285
12231
7808
7312
9963
9853
6453
7468
7309
8426
8738
8248
7497
11431
9529
7911
6024
9732
9614
9683
7568
9947
11964
9158
7217
7431
8658
8367
7216
8236
3985
9919
6860
7768
7145
9071
7198
8123
9264
7718
8211
1262
7427
8079
7515
8474
8577
10061
8199
7177
6926
7543
9417
7235
1495
7448
9438
8817
5401
8411
7899
10732
6885
10764
8156
4184
7399
10105
3971
9212
7996
2079
7887
8709
10445
7436
2165
10409
7557
9438
9397
6847
9787
4233
8965
7345
4713
2096
7410
7849
9431
7799
9252
9999
7723
7525
8493
7369
6707
7614
10142
6418
8726
7306
10735
8231
10620
8136
7459
8594
7297
9797
7360
7951
7974
13171
16083
8226
8818
7972
8060
1002
11436
7297
10636
6981
7958
8364
12902
10163
6836
7466
9630
8822
8870
7566
8565
9365
8812
7261
10988
7934
8312
6826
11898
8694
8143
12548
8789
7136
8461
7578
6837
7299
7368
7571
8359
12831
11579
6830
6937
7185
8272
9716
8393
7372
6677
10448
4780
1358
7917
5429
8141
9420
10077
11676
7082
7246
10072
8245
7716
7722
1371
9893
7647
7350
8572
7083
10111
7780
3704
8082
7520
6562
7453
8005
7179
8244
7615
8258
7881
7071
7519
8467
4106
10330
6333
7163
11462
7619
8073
7189
7057
8022
7408
6683
6976
8406
10871
8229
7831
4406
8077
8979
9904
10918
9462
8013
8180
7354
6790
10212
8409
7000
7058
7313
8458
8323
7686
7682
7457
8075
8044
8074
8150
9841
9004
8542
8133
7746
5547
8438
8768
6797
10345
7130
8029
9212
7259
7887
8776
7998
9624
8222
7109
7553
8031
7453
7514
7169
6680
8540
7906
8572
7056
7158
7969
6913
3001
7371
10565
7540
4773
7102
10418
7555
7456
6976
8205
10332
6618
14978
9165
6860
6768
8052
8865
11351
7159
9084
6370
9637
7295
7601
1826
12381
7171
3311
7909
7451
9593
5747
6777
8241
8121
8704
7438
8458
8111
7815
8529
7641
6669
6871
3139
7120
6827
7469
9743
7849
10880
4323
9086
8618
7679
6926
6960
7945
8020
12662
10122
7123
6993
7151
7159
11571
14227
4078
7549
4702
9713
4546
9765
7892
8864
6719
8177
7949
4642
9083
7884
8998
8323
7328
7673
10114
8443
8449
7119
8910
9879
9291
8307
11550
8314
10188
8208
8411
8373
10993
8012
8046
8541
7703
8032
8230
10204
6810
1779
8915
9312
8943
7274
6106
9902
6663
9495
9423
7623
7956
9537
7113
7709
7661
8843
7949
6958
7931
7664
8564
2882
8654
6919
7221
9181
8561
7333
7991
10607
8172
7419
8807
6643
7676
6982
7791
5585
7166
7692
8256
8755
8241
7542
6347
10660
7372
8052
13083
9719
8782
15007
7560
8003
6027
6988
7573
9127
1413
8179
7707
11129
7518
10265
7154
9573
1248
8500
9482
7023
7465
10125
8199
7624
7894
7715
1108
7922
7029
6514
9835
7666
7438
8670
7429
8466
7042
8671
9055
7661
11123
4786
6772
7404
8898
8243
8378
14037
7741
8396
8479
7997
12732
8651
6783
7290
12478
9287
6965
8878
2062
7807
16666
7492
9151
11703
7792
7985
8664
8580
9069
13472
7831
2089
10585
8022
7959
7671
7148
7912
8623
9003
7773
7045
7924
9249
8268
3351
7974
7945
9834
8905
12369
8655
7200
9365
8263
6917
11371
8162
2487
7345
8523
9544
7043
10054
7690
8183
10884
7419
9973
8926
9765
7731
5012
8247
3044
13101
7470
8271
7319
10721
2139
9986
8594
7141
8397
8264
8827
11184
9353
9525
7305
6562
7154
11401
11816
9328
10808
14983
7721
11680
7037
7276
10137
10897
13131
8415
6890
8149
8287
1024
2240
8320
8272
9876
7197
8398
8249
6400
7341
11152
7553
2982
1087
7893
10072
2827
9130
8024
7969
7685
9634
8361
7035
10367
10545
9158
9827
8233
12042
8217
7194
8558
7006
7157
7260
8692
8646
2515
10356
9699
7914
13765
8382
7338
10222
7301
9405
7648
9172
8200
1103
9929
12942
7494
8305
6874
7343
4116
7050
12890
10164
7091
10575
12904
11070
7774
7583
1878
12601
8986
8580
8051
7816
8723
7162
6855
6932
11919
10480
6879
7822
9191
8538
8156
8999
10601
7563
9179
6993
8073
7444
7196
7402
6495
6832
10175
7564
11485
9968
6180
9395
6996
7565
10514
8585
10804
6813
8572
9115
11260
7178
6480
5214
7653
7737
11720
8823
8244
10140
7095
7473
7948
7576
7706
8395
7912
7790
7388
7640
8589
9892
12260
7725
7333
7586
10815
6895
6751
7666
7195
8549
7601
15395
11538
8369
7522
7032
7328
9091
8119
7703
7876
9478
8718
10341
8449
8739
9234
8006
9018
7577
10364
8171
9645
9522
8568
10214
7422
7859
7137
7593
7792
9715
14160
1929
8704
10362
7650
9317
1136
11879
7399
7072
9811
7307
8672
8187
10320
7471
7215
7732
7040
10159
8670
9955
6992
7796
9462
6745
8461
7309
7255
11029
8016
8617
6956
8267
7357
7427
7869
8952
6576
6457
7491
8155
8054
7061
8181
7773
13155
10174
8077
7152
7508
8697
