1602
44
34
5028
8
1
12
158
147
24
13
781
5
92
93
2
9
1
2620
8
3456
67
4
79
6
5
1
34
154
66
8
580
93
1
8
56
305
624
134
122
6
10
87
5
41
1
3
38
7
456
374
74
57
77
5548
42
8
3829
3245
5
1
1
6
1
4326
5
14
61
5
3
8
5
35
5
4818
41
11
2307
3
48
14
126
5
799
281
516
561
2
1
12
151
10
179
2
129
88
37
8
74
5
80
11
5252
10
5928
60
2
76
2
1
1579
55
2
228
2
13
2
33
1
8
7
1
64
21
746
11
8884
12
5
2
1
1080
144
65
36
167
529
14
10
11
36
44
587
5
35
14
43
5
14
177
2
1095
1
2
2
48
278
58
5559
14
14
2
22
6
4
104
1
5
48
32
42
7
33
133
223
45
9
94
1
6
109
65
9
2
16
151
3
151
8
11
59
98
12
30
2
14
9
4053
3
15
14
78
1
8
5153
36
6680
5
1630
6
10
1
12
4
3197
2
76
10
13
2
108
3893
1639
990
55
41
12
10
3942
1383
94
4
7
15
14
1974
10
109
65
2170
71
6
53
898
9
516
4328
66
14
1
1
41
14
6038
12
4
36
11
1278
79
3
12
15
3
8
6
94
37
10
1
6
5
6503
4459
7
14
119
5637
4088
116
1
1175
101
13
120
55
38
615
4
2809
85
106
489
93
1
222
4683
157
3
42
9
184
16
4264
46
8
5
13
2
70
10
1695
130
112
52
4
10
851
252
3502
115
3501
35
4159
10
132
6
4
1
33
5
593
3
5539
3604
342
8
6996
139
1
744
14
56
776
2751
90
45
1
87
15
79
5
1707
13
11
4
52
65
8
83
3
1
99
29
123
157
4
8
634
2898
70
9
12
23
2577
15
5299
186
5938
84
12
5
9
2064
3
546
8
1593
12
38
101
4
66
11
124
3
13
2
13
5
7343
4
17
6120
163
1
840
52
86
483
12
520
73
3
336
2737
39
336
7449
48
15
4
214
2924
73
1
7
40
39
1
5
1324
10
17
2
162
5
57
4
9
783
7
23
2
1025
4640
10
803
4980
1
3363
10
581
681
4026
5923
3
68
111
3815
5227
1
40
3029
8
67
4100
45
2301
156
4
10
4880
990
10
3441
29
37
7
4
7
15
1751
14
30
322
6
3
4020
8
11
80
8
8
313
13
7
34
60
91
63
5
1
6
3
14
1221
1
2869
36
37
5629
45
1
1
2
66
2147
4534
55
7
12
1
62
2650
2
54
77
5
10
1
41
31
6186
97
6
7
216
36
123
127
2677
10
1735
3
10
55
2
94
10
13
2
28
10
9
5
44
14
712
3141
40
3817
169
10
3
3121
15
185
51
32
3413
159
5203
7766
6247
11
15
35
63
1
177
11
90
4
759
5
58
10
3
5
22
2641
1
91
6
217
112
172
149
2548
14
8
173
41
13
77
8
586
52
4332
13
4799
15
1793
6
4
11
3
8
3
5158
2
13
32
77
108
30
99
4376
14
4352
156
12
4260
15
65
28
1
3
12
3
3
89
441
13
8
14
8
788
2
1632
243
6
61
4297
2383
2
35
6
54
48
9
13
13
225
652
8
102
4709
810
2828
573
99
1740
410
263
57
53
11
14
1243
1
65
4794
10
8
6
13
85
111
263
2
4
46
73
74
392
11
76
5030
2520
5
131
212
10
171
6
179
1
73
70
90
81
76
14
36
135
2710
39
1
9
12
52
127
42
73
13
11
599
12
91
1
9
51
5328
223
1
10
35
7271
1
235
8
65
4215
13
74
88
10
14
3808
542
3
1
644
168
30
5599
121
134
1071
1
4982
199
3
160
110
134
2522
83
5
50
43
6161
140
8
86
3
1
9
60
34
3942
171
14
118
2
115
1601
3
88
38
159
7
10
7
7
6
52
52
1
95
15
1
191
552
5704
2090
12
96
13
72
8
1
766
53
19
4
3385
9
61
10
14
239
68
15
4898
2998
4
913
2
9
4241
42
116
8
3
82
2048
2
6058
401
65
6071
10
14
48
13
17
3852
8
4455
62
10
172
3337
6
31
15
83
3307
59
5286
86
3413
66
3
3842
3
123
3
44
15
15
10
51
98
13
4
7
4717
73
18
57
107
5103
14
1
1
10
4986
4129
4
776
4
38
12
202
1
1283
66
66
5
6417
11
1028
12
112
1186
4
4470
51
2108
91
5406
2
11
8
7
4
1
61
1
88
3
1
5
13
35
1
78
8
5
515
14
93
4
14
3
6
1496
11
15
14
94
54
38
40
1
4743
62
6679
1
195
1
221
873
7
76
3
12
6659
102
615
307
56
4
5
81
3801
68
9
58
107
69
3
149
56
5
11
4473
12
1
6159
166
68
2
46
6
3
531
8
73
2983
39
354
32
5
7306
4953
2
14
3304
10
156
44
1
14
1788
1427
4
1
42
4
1
67
8
63
1
2
9
221
15
16
5
58
65
67
3
55
10
39
187
5
2
1
3456
2397
5
1
9
6
459
2
1
161
30
180
52
12
163
13
53
32
81
3
118
2
32
75
30
76
60
2718
9
6
154
7
4771
8
2
1
6
86
6856
166
9
11
43
4138
5
479
2
1
339
78
356
677
81
53
39
482
1
1
2729
1146
40
616
42
1
4383
104
47
3
65
163
3
30
2677
36
14
1
3040
59
10
12
9
38
43
3
183
4344
14
1
32
3
1267
2
170
1336
196
12
3
3520
6
10
42
2
2
215
3
30
14
14
14
4
38
85
5422
3577
7
32
126
46
5
2
6289
70
4861
15
6
1
6
181
33
107
7
6
612
41
76
3
22
602
50
114
3
15
3143
133
46
5336
4
41
8
1
26
44
68
61
6318
11
90
12
46
148
94
6
3534
6
103
62
11
112
1085
8
8
1
7543
2
36
14
129
7
42
215
7
8
2025
11
1
12
51
34
88
67
5210
7
4
37
11
5849
12
3221
8
354
212
152
56
78
13
331
4490
50
97
70
11
3
4311
9
320
34
104
14
4
93
2868
5121
123
12
5
71
1
11
83
54
3
687
547
5533
43
6
173
1142
53
5661
409
2
8
38
66
172
81
2422
11
3554
2
13
597
42
11
4
687
112
7
86
45
6389
37
2794
40
71
2273
821
8
5644
76
2516
6
5
8
42
275
1
270
5
50
6020
14
134
71
240
3770
638
15
10
164
33
7630
15
3441
78
190
45
71
13
86
2
5039
1
1640
2020
6037
1
1
62
75
7
15
8
74
1
5
36
131
5107
5348
19
23
4523
9
6
3348
3225
3
32
3685
7
1
166
709
6
1
38
201
2
2792
3
141
8
14
8
15
5
5
5
6
579
47
2046
44
7
45
6
8
2
1363
3
15
39
46
11
85
1
1138
2
128
2754
1
3676
17
13
1
1
52
87
11
2599
15
7
4
5
29
11
2215
166
1
5
2
2532
7
6
14
3418
11
2
81
7
3
53
1447
5
2
14
201
8
10
10
70
53
3641
45
28
1
13
619
1
4
8
148
5
548
4798
2
5
5
1
3
1
6
14
1
10
79
57
56
1259
4
104
3
6983
964
14
7163
140
148
69
85
250
5
4
4
2169
10
4
52
4424
9
3
14
2
241
444
46
1
11
3678
31
3
410
32
3
33
46
3196
73
14
18
38
90
4
54
1
817
1
3
108
1
12
1
1
1
152
12
143
6369
4377
3731
63
10
6
9
1
8
170
6596
99
3
10
39
9
2
6
63
15
3058
112
10
1
925
122
4
2
4
3
2280
14
33
1462
14
56
1
370
584
11
6750
7
58
626
40
14
219
113
37
58
163
143
45
1
4230
15
1
49
2
9
1
1
50
5
5454
3
2
9
38
36
9
8
115
183
34
99
29
1
1630
66
8
10
5983
92
301
6
85
148
1
1
117
2
232
49
4433
14
10
8
8
10
4
1
38
94
33
510
5
78
5
138
22
15
5
6
4001
1
69
15
4562
1471
70
1
132
10
8
81
37
188
276
37
15
11
170
858
91
5
5
36
34
1
1771
6
248
4
99
96
45
4
2
33
122
14
55
2
2665
5
2994
75
3
4
1
1
8
11
65
4
8
774
56
223
52
52
247
114
3
6
5
4589
2
9
10
5829
6
7
13
54
70
10
11
1
145
5139
14
10
2
1
243
77
1
90
3608
7
89
183
1
837
15
32
3007
157
64
188
132
3
4081
122
1259
2670
3
39
6
2676
2
4
11
68
11
42
15
81
15
2432
7
3850
557
9
7
1
9
9
15
8
1
9
1065
13
124
155
3
8
127
6
117
40
631
4
326
73
6
12
133
6
10
60
15
1
1
87
552
1
183
3751
5
2
6
334
5
2
5533
126
15
7
4151
13
87
9
6
15
1252
8
65
898
6
15
99
4
93
7
12
83
3
7892
4083
970
346
2161
10
10
4937
3682
41
42
8
1
101
15
34
57
3
3
56
400
45
1
4440
33
2
3256
60
112
112
538
44
840
6981
1936
65
1
2625
325
3635
4836
11
4061
493
1
212
7
7
5625
6
16
14
6
14
183
171
2
72
694
40
63
12
1
6
2689
38
12
13
46
4622
6
4824
2
10
2
75
4
9
4
1
1662
13
1181
3050
7
15
2
102
1
2
72
143
6016
50
171
199
55
3
4
6
5
13
597
3
56
12
40
6
3445
12
6709
4
2353
599
623
38
5
238
58
6
1
4070
2
9
3
49
1
14
2
5
1410
2
136
13
39
4
33
64
3
6834
1
163
63
8
1396
3
55
6393
1
550
3831
2
1
51
269
99
1
15
31
11
3530
1
52
1
6
672
8
7
2
48
12
5
35
38
5
5247
21
7107
43
85
264
157
2
425
46
14
88
1
46
1
77
3
13
16
46
7
38
23
2
9
86
46
6
90
800
4234
14
1
16
3344
13
11
124
153
4
1220
71
64
20
83
121
136
5268
5
2
121
14
409
34
5108
3
3374
7
908
1
107
12
15
7
158
197
3
4401
4
1
6001
6153
44
58
15
12
3
1
205
6
90
1082
630
1
5
7
2569
28
116
131
1
4354
523
40
10
3
6
7760
146
1
15
58
25
72
7
35
12
4500
1
14
817
4
2
6
233
1
29
17
5958
9
2977
5730
14
3
235
4241
6
89
11
3944
12
7784
9
79
38
201
4
9
15
6
78
4531
13
11
6
15
73
6
73
1633
79
8
325
166
799
56
69
5
98
91
11
9
10
814
100
20
4896
57
1401
10
1
76
2
13
7
11
7522
10
122
3428
9
1
4304
11
47
42
67
5
10
578
39
13
797
205
57
4715
8
4167
121
89
64
9
95
2
218
6295
11
6
1
4
12
72
5904
69
401
170
14
4
6
517
2
91
4
10
8
39
53
50
125
122
44
122
64
698
10
78
182
4
3106
9
12
146
754
84
9
1
8
225
3
72
324
32
130
6098
2
10
122
98
90
163
5
570
4
2
9
3
3159
15
1
5109
7
53
2
114
15
4659
27
83
135
354
2
52
4830
40
89
9
2
2
1
6
12
102
14
70
83
531
3
3
31
1
58
154
69
99
5810
105
13
52
37
347
7
1
1078
8
1
125
13
12
6
1
2
3
3449
207
12
87
12
61
15
75
8
5
1
10
517
11
1524
76
64
1319
85
78
9
4
667
8
1885
719
7
14
9
124
57
34
5
23
133
6
5367
15
130
10
635
6
796
80
150
1
548
6
33
2
10
4
68
5189
1
30
12
15
8
77
181
199
2
15
4325
296
67
49
2
2
5888
58
9
196
812
2
192
68
1795
7
7
4690
1832
9
1062
1271
71
2
2
1
68
1
89
5
4878
19
14
63
13
159
46
7
14
314
141
1431
49
67
14
501
37
25
2
84
61
117
690
427
174
15
69
5416
5
6
520
7
4
41
290
1
16
933
9
66
44
8
87
43
2824
84
586
14
10
302
80
1
509
67
1002
1
14
15
5523
4
15
6832
5
7
99
18
2
9
27
3
70
5
14
456
7
6
5882
60
12
670
1
7081
1
1
5
1
979
1
6
56
1315
4335
13
8
27
341
7
4149
48
59
15
3
38
55
98
190
8
121
2
6
6
49
135
743
3
46
6
130
13
15
1233
114
14
117
91
1
834
43
37
6
7
143
72
2135
143
157
13
37
13
4172
13
15
6550
15
52
212
3922
4
65
2995
718
1
49
8
14
10
932
863
5
344
655
11
1728
1209
54
8
14
13
3
54
66
83
35
626
45
159
2
508
17
87
333
12
38
118
12
7
53
206
62
12
174
40
11
7
7
5
52
55
14
46
12
607
71
8
14
44
41
51
12
3873
39
5
10
44
35
12
36
7
15
5
5985
8
156
8
48
111
41
14
10
8
6859
5874
7
39
47
18
3741
12
9
13
15
31
41
7
3
65
56
66
10
2850
7
101
57
1
1
13
5320
5
1038
716
522
64
15
34
10
2548
8
1183
9
8
12
3
15
1976
5
7250
1
6
2
6
23
115
58
30
35
71
3403
29
2
9
22
35
90
15
3305
44
9
140
37
77
2
5592
33
301
36
172
11
34
4397
1
4438
654
1
18
1008
2
50
12
7
4182
1
26
5
2
111
130
192
2443
122
84
10
12
1188
11
43
7
70
74
8059
5204
8
39
6093
2314
174
8
1810
132
2843
72
1
1
7
13
4207
303
57
5
45
2
6
9
4752
84
141
4
1
70
126
57
13
32
3
7
2
15
4
13
571
2504
10
34
164
4
7
12
1443
3815
34
49
40
2914
146
14
1
4
8
10
4046
4260
4
45
4315
2817
13
2
43
4832
5
1
1
150
12
1116
6
9
35
11
3
14
3
328
152
29
35
6317
9
4
2008
531
15
5938
12
6
1
86
63
2286
2
10
44
6
516
83
4202
4
653
60
9
1
1054
17
66
2787
13
3439
4
7
181
8
2
11
12
2
1
93
2
3766
36
13
55
10
90
132
83
11
6
3270
3
7001
11
4288
15
16
20
8
9
429
4
13
3
36
60
575
13
10
2
38
8
35
191
1
152
42
238
185
7
2
2
143
1
11
206
3
2
63
5
1
5441
51
57
2
13
9
11
4
143
39
47
12
11
2
2
151
74
60
9
74
9
3
68
12
691
173
9
1
51
569
1
8
520
14
132
3
72
1
21
10
38
14
157
4
65
9
68
14
56
2
6
757
15
5843
50
6
102
2
13
3
15
305
2980
1
186
5
14
89
59
5807
4
248
156
5
101
58
4916
57
116
3836
604
200
15
120
12
219
5
12
77
291
15
13
11
62
10
182
237
13
10
1
6
49
14
48
70
1
73
8
340
1
685
97
12
61
1921
5
2
2
6
3217
6
113
8
6
91
3
59
4
58
4
4091
141
53
99
8
916
3766
7
4392
12
46
215
38
141
107
53
1563
190
1
2869
5685
244
14
231
1
85
128
1
1
3
7
33
336
4333
58
38
44
13
5614
521
593
1362
6831
5
162
1
92
37
49
6522
5480
206
15
10
1
42
76
113
15
126
12
102
4793
72
12
11
6003
2
22
56
5109
14
12
24
57
3
1
98
74
3
109
11
13
5636
14
2
7
101
69
35
168
6
35
1
6
4593
576
101
52
95
2
364
1
4
81
4
237
12
211
3411
5903
34
13
218
4
9
14
67
20
122
2145
14
8
83
93
135
186
6731
2
168
15
93
6
1
15
75
10
12
14
2
29
37
8
4
4
56
15
3778
1803
2266
268
16
58
4
570
32
211
29
11
73
324
79
31
475
3
13
616
52
1
49
734
207
76
11
5367
8
163
6
26
5
33
756
61
58
32
1453
970
7092
1
11
6
6059
63
5
2
13
46
15
7
10
3
8
62
13
14
180
62
57
89
7
7271
50
96
19
3
63
36
4
207
4
7
524
11
247
1
60
82
76
176
79
4526
5772
87
15
177
11
1317
11
5
948
5
80
682
5
346
187
4
9
592
85
363
27
4
36
202
2
219
4
233
4
10
107
47
5649
90
166
1
2
65
4
6
4719
15
1
534
124
88
5
4
14
87
93
94
10
9
1710
94
101
11
74
513
276
7
106
19
11
619
134
105
1625
1875
10
197
1264
2476
405
11
3
147
58
113
10
3
1
8
2548
43
4
117
401
15
153
90
12
97
12
3
6027
81
1060
2
152
43
119
140
8
2
244
48
78
43
5
19
94
975
57
179
6359
12
10
2
51
17
81
12
3
4
3
2778
62
2
9
14
6
7
6
6468
57
53
908
2
12
1395
89
1
1405
60
4081
50
4
1860
4
229
44
5648
3
4
1
2146
5
7156
104
54
52
15
42
6648
237
14
1
55
9
193
94
5505
13
15
199
6
81
6
2273
32
1
7
3849
6
50
1
6322
308
55
2181
2276
12
10
3866
11
605
15
11
80
2979
54
77
120
10
46
12
15
994
13
2
5
3
2
9
8
118
3834
23
8
14
51
647
5
89
67
71
117
5
2
88
42
8
7
9
1
62
34
4
5903
6
2035
226
581
4804
7
4
10
5
544
8
129
669
5
221
8
4053
1
4
11
12
48
72
6
4
61
924
51
2003
99
818
1
14
247
1
14
637
29
2
210
124
3787
7
14
37
8
81
13
216
18
5017
5
4881
6373
14
61
515
9
2518
226
4
29
12
14
68
13
54
4
12
2
68
3
6596
1
421
6433
4811
14
107
1106
4209
2949
497
295
12
1
14
8
3
5
5
54
9
11
6
6
111
3215
4471
5954
13
2
10
15
1208
4
2055
5354
188
615
217
274
481
11
124
18
15
83
69
32
12
44
63
168
70
135
83
6070
9
5647
35
49
65
35
107
98
1
8
9
90
46
2
79
539
164
10
61
5033
91
9
495
66
15
5129
3
5896
49
9
18
7
1
58
74
1
3
8
180
52
55
48
568
153
621
34
10
507
6696
12
33
69
63
5177
1
9
10
47
1
4
87
113
60
4
239
113
28
6
70
14
6215
106
191
582
172
2023
114
52
8
11
111
14
66
8
15
1
3472
108
716
47
46
460
10
6
118
14
89
220
6
13
56
2
32
6
12
140
116
4414
275
54
135
14
197
344
843
1
64
135
65
13
62
47
4
31
3224
97
108
5
196
2
1
109
2
36
9
5
7
6
91
93
5
103
3195
303
5
10
9
72
7
35
35
3
12
713
16
4015
6128
15
872
1
43
7106
9
6
32
11
35
407
14
186
178
42
65
4
7
3831
4
38
5
13
5
3578
91
34
635
2482
12
842
447
233
3762
14
6
112
38
117
2501
9
7
12
4223
10
6567
10
8
9
14
218
63
11
63
3469
5
47
148
173
8
47
68
5182
1884
148
594
39
37
103
35
70
1
17
12
42
121
2673
7
7
179
25
547
32
13
8
155
2
6680
43
8
1
6
3500
51
106
43
97
78
75
9
92
47
3425
59
510
4542
9
2
10
2
9
9
26
14
7
1
49
2
92
14
13
1563
11
10
4767
7731
68
3
5776
63
887
45
6307
72
47
16
6074
14
46
11
32
204
2241
1
14
17
14
9
3
3
6
528
108
1
58
40
93
5
5677
11
1
9
23
12
1
2
109
1
49
49
2
111
2
10
4
3
18
7
53
6
38
8
7
3
13
22
2
68
6
5914
214
891
3
33
5
55
10
83
6350
14
46
1
7
2
2879
16
45
604
11
114
73
87
1
127
2789
9
91
699
51
8
128
45
197
1713
3
12
2806
4143
51
114
91
14
89
6543
11
5
7
68
6
1
639
767
3
120
8
4
3413
13
145
14
31
2
59
60
6
12
5
6
39
32
13
15
3517
36
32
3
355
42
69
66
12
63
211
38
54
81
547
43
12
2
5
50
29
1
176
11
3
15
8
15
39
301
10
8
1027
2933
2164
15
6057
38
7
366
12
46
2
13
734
38
1510
12
121
3
8
4
671
2
47
3013
1
5
660
14
2
72
3116
47
1011
1
1
43
25
117
8
1
11
41
8
2057
2
1421
2
565
60
15
1
8
3
67
6
87
45
4
196
14
736
142
6
347
104
12
46
14
2
14
1126
12
10
7037
547
8
6
74
14
3962
1
150
2
6
7
599
131
5
13
2375
2916
13
48
48
1
9
1
9
1
5
227
56
209
149
82
13
197
1626
6
6
7
49
3
177
6
2202
9
236
7
884
5229
677
32
156
1
1
80
5
89
5
11
51
14
2
1
10
33
7
12
12
1
14
69
36
232
15
3
59
3
79
197
1434
49
5973
175
4
7
44
8
207
65
60
21
176
8
3
13
9
2250
65
1132
22
46
6286
7
2
4889
12
123
42
224
931
6368
1419
84
75
1
4
12
2
8
164
67
239
2
7
1
2
46
145
721
38
14
2
53
611
14
27
53
4
1677
53
2
6363
7
139
598
4
4018
132
87
7
9
5
9
102
4
40
3
31
36
57
31
15
1557
9
2051
6
27
5
656
49
4
92
1
49
155
96
1
2
8
5
15
1
26
619
5
1
3
1483
66
9
32
38
4
179
83
66
937
3
4
41
532
84
4
98
13
137
2
6
13
94
859
193
1
214
30
11
4564
6
6
8
105
8
2
25
3
8
3411
5924
826
5
100
8
13
40
15
60
241
15
51
90
152
48
1
132
1
68
4462
53
14
109
62
4
137
42
68
128
7
4744
14
5479
59
13
14
1
1367
132
42
3517
60
83
55
53
2244
73
60
722
15
5
181
11
69
11
248
157
1
12
37
12
367
11
14
6
7
3
35
5778
95
202
90
8
85
5
160
16
68
1531
11
14
65
3010
96
422
4445
6
1
11
240
50
508
5
1
55
14
202
2
32
11
39
12
234
145
8
104
5390
43
14
11
7
413
166
7
10
160
5733
9
143
680
85
9
10
1012
36
2
95
12
254
122
10
