1001
1002
1008
1011
1013
1015
1020
1024
1025
1027
1027
1031
1042
1043
1047
1050
1058
1058
1068
1070
1074
1075
1079
1080
1081
1087
1091
1100
1103
1107
1108
1136
1138
1139
1141
1141
1152
1163
1163
1164
1166
1172
1177
1183
1184
1184
1189
1191
1194
1201
1204
1212
1217
1217
1218
1218
1226
1228
1232
1237
1239
1240
1248
1248
1259
1259
1260
1261
1262
1262
1262
1262
1263
1268
1268
1270
1278
1279
1285
1290
1295
1297
1300
1307
1323
1327
1329
1332
1337
1341
1344
1354
1358
1363
1368
1370
1371
1380
1381
1387
1392
1401
1402
1404
1407
1412
1413
1426
1430
1430
1434
1460
1460
1463
1466
1481
1483
1491
1495
1496
1498
1505
1506
1511
1517
1535
1538
1545
1550
1551
1553
1560
1560
1561
1575
1581
1583
1588
1591
1594
1620
1637
1642
1645
1659
1661
1668
1680
1713
1746
1747
1779
1781
1782
1788
1793
1798
1803
1806
1806
1815
1826
1832
1839
1844
1848
1851
1867
1878
1896
1906
1915
1922
1929
1937
1942
1943
1943
1961
1967
1967
1967
1971
1972
1973
1978
1991
1993
1994
1994
1995
2009
2022
2022
2023
2052
2054
2062
2062
2073
2073
2079
2083
2089
2089
2090
2096
2128
2139
2160
2165
2172
2173
2180
2183
2184
2190
2191
2196
2196
2199
2200
2205
2206
2210
2211
2230
2238
2240
2256
2285
2287
2288
2300
2303
2303
2318
2321
2330
2341
2344
2346
2352
2360
2378
2380
2385
2390
2409
2410
2438
2439
2458
2474
2483
2486
2487
2507
2508
2515
2515
2515
2522
2537
2538
2543
2558
2562
2563
2576
2580
2586
2586
2586
2604
2608
2614
2623
2637
2640
2650
2655
2673
2684
2689
2692
2693
2702
2714
2723
2733
2738
2744
2753
2757
2758
2768
2770
2775
2778
2778
2783
2792
2800
2804
2805
2826
2827
2827
2829
2859
2872
2877
2882
2885
2888
2891
2905
2907
2916
2924
2932
2935
2942
2948
2956
2959
2965
2973
2980
2982
2983
2993
2997
2999
3001
3001
3002
3004
3025
3035
3044
3045
3049
3076
3081
3088
3093
3093
3095
3099
3103
3104
3106
3119
3124
3129
3133
3139
3139
3142
3144
3154
3169
3179
3187
3204
3204
3208
3211
3234
3235
3239
3241
3247
3249
3254
3261
3261
3261
3266
3290
3292
3297
3309
3311
3316
3316
3327
3346
3351
3352
3365
3366
3371
3380
3383
3384
3387
3389
3389
3395
3397
3398
3399
3406
3406
3409
3429
3444
3457
3460
3461
3464
3470
3470
3471
3496
3503
3515
3525
3556
3558
3559
3560
3562
3567
3573
3576
3594
3600
3603
3615
3618
3629
3636
3645
3645
3653
3667
3677
3679
3694
3698
3704
3718
3719
3723
3724
3727
3731
3731
3741
3742
3743
3762
3774
3789
3800
3804
3807
3817
3838
3848
3848
3860
3873
3878
3880
3906
3913
3918
3938
3951
3960
3963
3963
3966
3971
3977
3979
3985
3987
3995
3998
4012
4018
4023
4027
4035
4037
4038
4045
4047
4050
4051
4056
4061
4065
4068
4072
4078
4083
4088
4091
4100
4101
4104
4106
4107
4109
4115
4115
4115
4116
4116
4121
4128
4142
4152
4156
4160
4160
4162
4167
4170
4181
4184
4194
4204
4219
4220
4233
4239
4246
4254
4255
4265
4275
4281
4282
4284
4288
4292
4292
4304
4306
4307
4308
4311
4320
4322
4322
4323
4338
4339
4341
4341
4347
4363
4365
4373
4375
4381
4388
4389
4389
4394
4396
4397
4402
4406
4407
4408
4410
4413
4416
4418
4421
4426
4428
4431
4433
4434
4439
4445
4447
4447
4448
4451
4452
4452
4452
4452
4455
4457
4468
4478
4483
4485
4487
4490
4499
4500
4501
4502
4503
4504
4510
4523
4524
4530
4533
4533
4540
4540
4543
4546
4548
4549
4549
4554
4558
4558
4561
4566
4568
4570
4577
4578
4585
4587
4588
4597
4602
4603
4608
4611
4612
4624
4629
4630
4633
4636
4636
4642
4655
4656
4661
4666
4667
4669
4673
4673
4682
4683
4685
4686
4686
4686
4687
4687
4695
4696
4702
4702
4705
4707
4709
4710
4711
4712
4713
4713
4714
4716
4717
4717
4721
4723
4723
4727
4727
4732
4732
4737
4753
4754
4758
4760
4763
4773
4773
4773
4775
4776
4780
4786
4787
4788
4793
4797
4797
4798
4799
4802
4802
4803
4809
4811
4814
4817
4817
4817
4820
4823
4825
4826
4829
4829
4830
4834
4837
4840
4841
4851
4855
4862
4862
4868
4868
4868
4872
4874
4881
4882
4883
4883
4885
4888
4888
4894
4895
4896
4902
4903
4904
4905
4906
4907
4911
4911
4915
4917
4920
4921
4922
4924
4929
4930
4934
4938
4938
4939
4945
4947
4947
4948
4950
4954
4956
4958
4963
4963
4968
4974
4977
4977
4989
4989
4991
4995
5005
5007
5009
5010
5010
5012
5013
5015
5016
5016
5019
5021
5022
5028
5032
5037
5037
5038
5039
5043
5046
5047
5049
5051
5056
5059
5062
5066
5068
5072
5074
5089
5089
5094
5095
5096
5098
5098
5100
5105
5108
5109
5110
5111
5116
5118
5131
5133
5136
5137
5138
5139
5139
5143
5151
5154
5154
5156
5161
5162
5165
5167
5167
5168
5169
5171
5176
5179
5185
5186
5187
5187
5193
5195
5200
5201
5210
5214
5215
5215
5222
5223
5230
5230
5239
5240
5243
5255
5260
5262
5263
5265
5266
5268
5273
5274
5277
5279
5281
5283
5285
5287
5297
5298
5301
5302
5308
5317
5319
5323
5324
5326
5328
5329
5331
5334
5338
5344
5347
5350
5353
5360
5376
5380
5380
5386
5386
5390
5391
5391
5392
5397
5399
5399
5401
5402
5403
5410
5419
5421
5422
5425
5429
5429
5430
5433
5433
5433
5442
5443
5444
5448
5449
5449
5449
5453
5454
5457
5458
5459
5460
5461
5462
5462
5465
5465
5467
5471
5476
5479
5481
5485
5487
5488
5490
5494
5494
5496
5496
5496
5498
5503
5504
5504
5508
5508
5512
5517
5517
5520
5523
5530
5532
5533
5536
5538
5539
5540
5541
5541
5542
5542
5544
5545
5547
5547
5548
5548
5551
5551
5551
5551
5555
5555
5557
5560
5561
5561
5564
5565
5568
5570
5579
5579
5584
5584
5585
5585
5594
5597
5600
5601
5602
5606
5606
5610
5612
5614
5614
5619
5626
5627
5627
5628
5628
5634
5635
5641
5642
5642
5647
5649
5653
5655
5655
5657
5659
5660
5670
5671
5672
5673
5674
5675
5676
5680
5682
5682
5682
5683
5689
5690
5690
5691
5691
5694
5694
5694
5695
5696
5696
5699
5703
5705
5708
5709
5710
5710
5711
5712
5712
5714
5718
5723
5724
5729
5736
5740
5742
5743
5746
5747
5748
5749
5750
5750
5750
5751
5753
5754
5755
5757
5757
5758
5759
5760
5763
5768
5771
5772
5772
5774
5776
5777
5779
5780
5780
5786
5787
5790
5791
5794
5794
5795
5796
5800
5801
5801
5802
5809
5813
5813
5814
5815
5816
5816
5817
5818
5820
5820
5820
5822
5822
5825
5825
5828
5829
5829
5831
5832
5833
5834
5839
5839
5839
5840
5841
5846
5848
5850
5851
5851
5851
5851
5852
5854
5855
5855
5856
5857
5860
5864
5864
5865
5866
5867
5868
5868
5873
5873
5873
5874
5874
5876
5881
5882
5883
5883
5884
5886
5888
5890
5893
5897
5901
5902
5904
5905
5906
5908
5913
5916
5916
5916
5917
5917
5918
5918
5919
5919
5920
5921
5923
5923
5924
5924
5927
5927
5930
5932
5932
5933
5933
5933
5933
5934
5934
5940
5940
5942
5943
5945
5949
5951
5953
5953
5956
5956
5957
5958
5959
5959
5961
5961
5963
5963
5964
5966
5966
5970
5971
5972
5972
5973
5973
5976
5977
5980
5982
5982
5983
5984
5985
5988
5988
5989
5989
5990
5992
5994
5997
6001
6001
6003
6007
6007
6009
6010
6010
6011
6011
6013
6013
6014
6014
6014
6017
6017
6019
6022
6022
6023
6024
6025
6026
6027
6027
6027
6029
6029
6030
6033
6034
6034
6039
6040
6041
6041
6042
6043
6043
6043
6046
6047
6048
6048
6050
6051
6051
6051
6057
6059
6059
6064
6066
6067
6068
6070
6070
6070
6071
6072
6075
6075
6077
6077
6078
6079
6079
6081
6081
6081
6090
6093
6094
6095
6095
6095
6098
6098
6100
6101
6103
6103
6104
6105
6106
6106
6106
6106
6107
6109
6109
6112
6112
6113
6115
6115
6116
6116
6116
6116
6118
6120
6120
6121
6123
6123
6123
6124
6124
6125
6128
6131
6134
6135
6136
6137
6138
6142
6149
6150
6150
6151
6153
6153
6156
6157
6158
6159
6159
6161
6165
6166
6170
6171
6172
6174
6174
6175
6175
6178
6180
6180
6181
6182
6183
6183
6187
6187
6189
6190
6190
6190
6191
6193
6193
6196
6198
6203
6204
6207
6208
6208
6210
6210
6211
6213
6214
6215
6215
6216
6218
6219
6219
6220
6222
6223
6223
6225
6226
6226
6228
6229
6230
6232
6232
6232
6232
6233
6235
6236
6236
6237
6237
6239
6239
6242
6244
6245
6245
6245
6246
6246
6246
6247
6247
6250
6251
6252
6252
6253
6254
6254
6255
6256
6258
6259
6259
6260
6260
6261
6262
6264
6265
6265
6269
6269
6270
6270
6274
6276
6278
6278
6279
6280
6281
6281
6282
6283
6284
6285
6285
6286
6290
6290
6292
6292
6293
6294
6296
6298
6300
6302
6303
6303
6305
6306
6306
6306
6307
6307
6308
6309
6309
6309
6310
6310
6311
6312
6312
6314
6314
6315
6316
6317
6317
6320
6320
6322
6323
6329
6331
6333
6333
6333
6336
6336
6337
6337
6340
6343
6344
6345
6346
6346
6347
6348
6352
6357
6358
6360
6361
6363
6365
6366
6367
6367
6370
6370
6371
6371
6371
6371
6375
6376
6376
6378
6379
6381
6382
6385
6386
6393
6396
6397
6397
6399
6400
6401
6402
6402
6404
6405
6406
6408
6408
6409
6409
6410
6410
6413
6414
6414
6415
6416
6416
6416
6416
6417
6418
6418
6418
6418
6420
6420
6421
6422
6423
6423
6424
6426
6427
6428
6430
6431
6431
6431
6433
6433
6436
6440
6441
6441
6442
6442
6442
6442
6443
6443
6445
6446
6448
6448
6449
6453
6453
6453
6453
6454
6454
6456
6456
6456
6457
6457
6457
6457
6458
6459
6460
6462
6464
6465
6465
6466
6467
6467
6467
6470
6471
6472
6472
6472
6474
6474
6476
6476
6477
6477
6477
6477
6478
6479
6479
6480
6481
6484
6485
6485
6485
6485
6485
6485
6486
6487
6488
6489
6489
6490
6490
6492
6495
6495
6495
6497
6500
6500
6501
6501
6501
6502
6503
6503
6503
6503
6504
6504
6505
6506
6507
6508
6508
6508
6509
6509
6510
6511
6511
6512
6512
6512
6513
6514
6514
6514
6514
6515
6516
6519
6519
6520
6521
6521
6521
6523
6525
6525
6525
6526
6528
6528
6530
6531
6531
6532
6533
6534
6534
6535
6536
6536
6536
6536
6538
6540
6541
6541
6541
6543
6545
6546
6547
6551
6551
6551
6552
6554
6554
6555
6555
6557
6557
6558
6560
6561
6562
6562
6562
6562
6563
6564
6565
6565
6568
6568
6569
6569
6570
6574
6574
6574
6574
6575
6575
6576
6577
6577
6578
6579
6580
6580
6580
6580
6580
6582
6582
6582
6583
6583
6583
6584
6587
6588
6588
6589
6590
6591
6593
6594
6595
6596
6597
6597
6598
6599
6601
6602
6602
6602
6602
6603
6603
6608
6609
6611
6613
6613
6613
6614
6614
6614
6615
6615
6617
6617
6618
6619
6619
6620
6620
6621
6622
6623
6623
6623
6623
6624
6624
6624
6624
6625
6625
6625
6626
6627
6627
6628
6629
6629
6631
6632
6632
6633
6634
6635
6635
6636
6636
6636
6638
6638
6639
6639
6639
6639
6639
6640
6640
6641
6641
6641
6642
6642
6642
6642
6643
6643
6646
6647
6648
6649
6652
6655
6655
6656
6656
6656
6658
6660
6660
6660
6662
6663
6663
6663
6663
6664
6664
6665
6665
6666
6667
6667
6667
6668
6668
6669
6669
6670
6672
6672
6672
6672
6676
6676
6676
6677
6677
6677
6677
6677
6678
6678
6679
6680
6680
6681
6681
6681
6682
6683
6683
6683
6684
6684
6684
6685
6685
6685
6686
6686
6687
6688
6689
6689
6690
6691
6691
6692
6693
6693
6693
6693
6693
6693
6694
6695
6696
6696
6697
6697
6698
6699
6701
6702
6702
6704
6705
6707
6707
6708
6710
6710
6712
6714
6714
6716
6717
6717
6718
6719
6719
6719
6720
6722
6723
6723
6724
6724
6725
6725
6726
6726
6727
6727
6729
6730
6731
6732
6732
6734
6735
6735
6735
6736
6736
6736
6736
6737
6737
6739
6739
6740
6740
6742
6743
6744
6744
6744
6744
6745
6745
6745
6746
6746
6746
6746
6746
6747
6747
6749
6749
6750
6750
6750
6751
6752
6752
6753
6753
6754
6755
6756
6756
6757
6759
6759
6760
6760
6761
6761
6762
6762
6762
6763
6764
6764
6765
6765
6765
6766
6767
6767
6768
6768
6769
6769
6769
6769
6770
6770
6771
6772
6772
6772
6772
6773
6776
6776
6777
6777
6778
6778
6779
6779
6779
6779
6780
6780
6780
6781
6781
6781
6782
6782
6782
6783
6783
6783
6783
6785
6786
6789
6790
6790
6790
6790
6791
6792
6792
6792
6793
6793
6794
6794
6795
6795
6795
6795
6796
6796
6796
6796
6797
6797
6798
6799
6799
6801
6801
6802
6802
6803
6804
6804
6805
6805
6806
6806
6806
6807
6808
6808
6808
6809
6809
6809
6810
6810
6811
6811
6812
6812
6812
6812
6813
6813
6813
6813
6813
6816
6816
6817
6817
6818
6818
6820
6821
6821
6822
6822
6823
6824
6825
6825
6825
6825
6825
6826
6826
6827
6827
6827
6827
6827
6827
6828
6828
6829
6829
6830
6830
6830
6831
6831
6832
6832
6832
6832
6833
6833
6834
6834
6836
6836
6836
6837
6837
6838
6839
6840
6841
6841
6841
6841
6841
6841
6842
6842
6842
6842
6842
6842
6842
6842
6843
6843
6844
6844
6844
6844
6845
6845
6845
6846
6846
6847
6847
6849
6849
6849
6849
6849
6850
6850
6850
6851
6851
6852
6852
6852
6853
6855
6856
6856
6856
6856
6858
6858
6858
6858
6858
6858
6859
6859
6859
6860
6860
6860
6860
6860
6860
6861
6863
6863
6864
6864
6865
6866
6866
6866
6867
6867
6868
6868
6870
6870
6871
6871
6872
6872
6872
6873
6874
6874
6876
6877
6877
6877
6877
6877
6877
6878
6878
6879
6879
6881
6882
6882
6883
6883
6884
6885
6885
6885
6886
6886
6886
6886
6887
6889
6889
6890
6890
6890
6890
6892
6892
6893
6893
6894
6895
6895
6896
6896
6896
6897
6897
6898
6898
6898
6899
6899
6899
6900
6900
6901
6901
6901
6903
6903
6904
6904
6904
6904
6904
6906
6906
6906
6906
6906
6906
6907
6908
6908
6908
6909
6909
6909
6909
6910
6911
6911
6911
6911
6912
6912
6912
6913
6913
6913
6913
6913
6914
6914
6914
6914
6915
6916
6916
6916
6916
6916
6916
6916
6917
6917
6917
6917
6917
6918
6918
6919
6919
6919
6919
6920
6920
6920
6921
6921
6921
6922
6922
6922
6923
6923
6923
6923
6924
6924
6924
6924
6925
6925
6926
6926
6926
6926
6927
6927
6929
6929
6929
6930
6930
6931
6931
6931
6931
6932
6932
6932
6933
6933
6933
6934
6934
6934
6934
6935
6935
6936
6936
6936
6937
6937
6938
6938
6938
6939
6939
6940
6940
6941
6941
6942
6942
6943
6943
6943
6944
6944
6945
6945
6945
6945
6945
6946
6946
6948
6948
6948
6948
6948
6949
6949
6950
6950
6950
6951
6951
6951
6951
6951
6951
6952
6952
6952
6952
6953
6953
6953
6955
6955
6955
6955
6956
6956
6957
6957
6958
6958
6958
6958
6958
6959
6959
6959
6960
6960
6960
6961
6961
6961
6962
6963
6963
6964
6964
6964
6964
6965
6965
6965
6965
6966
6966
6967
6967
6967
6967
6967
6967
6968
6968
6968
6968
6969
6970
6970
6970
6971
6971
6971
6971
6971
6972
6972
6973
6973
6973
6974
6974
6974
6975
6976
6976
6976
6976
6976
6978
6978
6979
6980
6980
6980
6981
6981
6982
6982
6982
6982
6982
6983
6983
6983
6984
6984
6984
6986
6987
6987
6987
6987
6988
6988
6989
6989
6989
6989
6990
6990
6990
6990
6990
6991
6991
6992
6992
6992
6993
6993
6993
6993
6994
6994
6994
6995
6996
6996
6996
6996
6996
6996
6996
6996
6996
6996
6997
6998
6998
6999
6999
7000
7000
7000
7001
7001
7001
7001
7002
7002
7002
7002
7002
7003
7003
7003
7005
7005
7006
7006
7006
7006
7007
7007
7007
7007
7007
7008
7009
7009
7009
7009
7009
7010
7010
7011
7011
7011
7011
7011
7012
7012
7012
7012
7013
7013
7013
7014
7014
7015
7015
7015
7016
7016
7016
7016
7017
7017
7018
7018
7019
7019
7019
7019
7020
7020
7021
7021
7021
7022
7022
7022
7022
7022
7022
7022
7022
7022
7023
7023
7023
7023
7024
7024
7025
7025
7026
7027
7027
7027
7027
7028
7028
7028
7028
7029
7029
7029
7029
7029
7030
7030
7030
7030
7030
7030
7031
7031
7031
7031
7032
7032
7032
7032
7032
7032
7033
7034
7034
7035
7035
7035
7035
7035
7035
7036
7036
7036
7036
7036
7036
7037
7037
7037
7038
7038
7038
7039
7039
7040
7040
7040
7041
7041
7041
7041
7042
7043
7043
7043
7043
7043
7043
7043
7043
7044
7044
7045
7045
7046
7046
7046
7046
7046
7047
7047
7048
7048
7049
7049
7049
7050
7050
7050
7050
7050
7050
7051
7051
7051
7051
7052
7052
7052
7052
7052
7052
7052
7053
7053
7053
7053
7053
7054
7054
7054
7054
7054
7055
7055
7055
7055
7055
7055
7055
7055
7055
7055
7056
7056
7056
7056
7056
7056
7057
7057
7057
7057
7058
7058
7058
7058
7058
7058
7059
7059
7059
7059
7059
7060
7061
7061
7061
7062
7062
7062
7062
7062
7062
7062
7063
7063
7064
7065
7066
7066
7066
7066
7066
7066
7066
7067
7067
7067
7067
7068
7068
7068
7069
7069
7069
7070
7070
7071
7071
7071
7071
7072
7072
7072
7072
7073
7073
7073
7073
7074
7074
7074
7074
7075
7075
7076
7077
7077
7077
7077
7077
7078
7078
7078
7078
7078
7078
7079
7079
7079
7079
7080
7080
7080
7081
7081
7081
7081
7081
7082
7082
7082
7082
7082
7083
7083
7083
7083
7083
7084
7084
7084
7085
7085
7085
7086
7086
7086
7086
7087
7087
7087
7087
7087
7088
7088
7088
7088
7088
7089
7089
7089
7090
7090
7090
7090
7090
7090
7091
7091
7091
7091
7092
7092
7092
7092
7093
7093
7093
7093
7094
7094
7094
7094
7094
7094
7095
7095
7095
7095
7095
7095
7096
7096
7096
7096
7096
7097
7097
7098
7098
7098
7098
7099
7099
7099
7099
7099
7100
7100
7100
7100
7100
7101
7101
7101
7102
7102
7102
7102
7102
7103
7103
7103
7103
7103
7104
7104
7105
7105
7105
7105
7105
7106
7106
7106
7106
7107
7107
7107
7107
7107
7107
7108
7108
7109
7109
7109
7109
7109
7110
7110
7110
7111
7111
7111
7111
7112
7112
7112
7112
7112
7113
7113
7113
7113
7113
7114
7114
7115
7115
7116
7116
7116
7116
7117
7117
7117
7117
7117
7118
7118
7118
7119
7119
7119
7119
7120
7120
7120
7120
7120
7121
7121
7121
7121
7122
7122
7122
7122
7122
7122
7122
7123
7123
7123
7123
7124
7124
7124
7125
7125
7125
7125
7126
7126
7126
7127
7127
7127
7127
7127
7127
7127
7128
7128
7129
7129
7130
7130
7130
7131
7131
7131
7131
7132
7132
7133
7133
7133
7134
7134
7134
7134
7134
7134
7134
7134
7135
7136
7136
7136
7136
7136
7137
7137
7137
7137
7137
7138
7138
7138
7138
7138
7138
7139
7139
7139
7140
7140
7140
7140
7141
7141
7141
7141
7142
7142
7142
7143
7143
7143
7143
7144
7144
7144
7145
7145
7145
7146
7146
7146
7146
7147
7147
7147
7148
7148
7148
7149
7149
7149
7149
7149
7149
7149
7150
7150
7150
7150
7150
7151
7151
7151
7151
7151
7151
7152
7152
7152
7152
7152
7153
7153
7153
7153
7154
7154
7154
7154
7154
7154
7155
7155
7155
7155
7155
7155
7156
7157
7157
7157
7157
7157
7158
7158
7158
7158
7158
7158
7159
7159
7159
7159
7159
7159
7160
7160
7160
7160
7160
7160
7160
7161
7161
7162
7162
7162
7162
7162
7162
7163
7163
7163
7163
7164
7164
7164
7164
7164
7165
7165
7165
7165
7165
7165
7166
7166
7166
7166
7166
7167
7168
7169
7169
7169
7169
7169
7170
7170
7170
7171
7171
7171
7171
7171
7171
7172
7172
7172
7172
7173
7173
7173
7173
7173
7174
7174
7174
7174
7174
7174
7175
7175
7175
7175
7175
7176
7176
7176
7177
7177
7177
7177
7177
7178
7178
7178
7179
7179
7179
7179
7179
7179
7179
7180
7180
7180
7180
7180
7181
7181
7181
7182
7182
7182
7182
7183
7183
7183
7183
7183
7184
7184
7184
7184
7185
7185
7185
7185
7185
7186
7186
7186
7186
7187
7187
7187
7188
7188
7188
7188
7188
7188
7188
7188
7188
7188
7189
7189
7189
7189
7190
7190
7190
7190
7190
7190
7191
7191
7191
7191
7191
7191
7192
7192
7192
7192
7193
7193
7193
7193
7193
7194
7194
7194
7194
7194
7195
7195
7196
7196
7196
7196
7196
7197
7197
7197
7197
7197
7198
7198
7198
7198
7198
7198
7198
7198
7198
7198
7199
7199
7199
7199
7199
7200
7200
7200
7200
7200
7200
7200
7200
7200
7200
7201
7201
7201
7201
7201
7201
7201
7201
7202
7202
7202
7202
7202
7202
7202
7203
7203
7203
7203
7203
7204
7204
7204
7204
7204
7204
7205
7205
7205
7206
7206
7206
7206
7207
7207
7207
7207
7208
7209
7209
7209
7210
7210
7210
7210
7210
7210
7211
7211
7211
7212
7212
7212
7212
7212
7213
7213
7214
7214
7214
7215
7215
7215
7216
7216
7216
7216
7216
7217
7217
7218
7218
7218
7218
7218
7219
7219
7219
7220
7220
7220
7220
7220
7220
7220
7221
7221
7221
7222
7222
7222
7222
7222
7222
7223
7223
7224
7224
7224
7224
7224
7224
7225
7225
7225
7225
7225
7225
7226
7226
7226
7226
7227
7227
7227
7227
7227
7227
7227
7227
7228
7228
7228
7228
7228
7228
7229
7229
7229
7229
7230
7230
7231
7231
7231
7231
7231
7231
7232
7232
7232
7232
7233
7233
7233
7233
7233
7233
7233
7233
7234
7234
7234
7235
7235
7235
7235
7235
7235
7236
7236
7237
7237
7237
7237
7237
7238
7238
7238
7238
7238
7238
7239
7239
7239
7239
7239
7239
7239
7240
7240
7240
7241
7241
7241
7241
7241
7241
7242
7242
7242
7242
7242
7243
7243
7243
7243
7243
7243
7243
7244
7244
7244
7244
7244
7245
7245
7245
7245
7245
7245
7245
7245
7245
7246
7246
7246
7246
7247
7247
7247
7247
7247
7247
7247
7248
7248
7248
7248
7249
7249
7250
7250
7251
7251
7251
7251
7252
7252
7252
7253
7253
7253
7253
7254
7254
7254
7254
7255
7255
7255
7256
7256
7256
7257
7257
7257
7257
7258
7258
7259
7259
7259
7259
7259
7259
7259
7259
7260
7260
7261
7261
7261
7261
7262
7262
7263
7263
7263
7263
7264
7264
7265
7265
7265
7265
7265
7265
7265
7265
7266
7266
7266
7266
7267
7267
7267
7268
7268
7268
7268
7268
7268
7269
7269
7269
7270
7270
7270
7270
7270
7270
7270
7270
7271
7271
7271
7271
7271
7271
7272
7272
7272
7272
7273
7273
7273
7273
7273
7273
7274
7274
7274
7274
7275
7275
7275
7275
7276
7276
7276
7276
7277
7277
7277
7277
7277
7277
7277
7278
7278
7278
7278
7278
7279
7279
7279
7279
7280
7280
7280
7281
7281
7281
7281
7281
7281
7281
7282
7282
7282
7282
7282
7282
7282
7282
7283
7283
7283
7284
7284
7284
7284
7284
7285
7285
7285
7286
7286
7286
7286
7287
7287
7287
7288
7288
7289
7289
7289
7289
7290
7290
7290
7290
7290
7290
7290
7291
7291
7292
7292
7293
7293
7293
7294
7294
7294
7294
7294
7294
7295
7295
7295
7295
7295
7295
7295
7296
7296
7296
7297
7297
7297
7297
7298
7298
7298
7298
7298
7298
7298
7299
7299
7300
7300
7300
7301
7301
7301
7301
7301
7302
7302
7302
7302
7302
7303
7303
7303
7303
7303
7303
7303
7303
7304
7304
7304
7304
7305
7305
7306
7306
7306
7307
7307
7307
7307
7307
7307
7308
7308
7308
7308
7309
7309
7309
7309
7309
7309
7309
7310
7311
7311
7311
7311
7312
7312
7312
7312
7312
7313
7313
7313
7313
7314
7314
7314
7314
7315
7315
7315
7315
7315
7315
7316
7316
7316
7316
7317
7317
7317
7317
7318
7318
7319
7319
7319
7319
7319
7320
7320
7321
7321
7321
7321
7321
7321
7322
7322
7322
7323
7323
7324
7324
7324
7324
7324
7325
7325
7326
7326
7326
7326
7327
7327
7327
7327
7327
7328
7328
7328
7328
7328
7328
7329
7329
7329
7329
7329
7329
7329
7330
7330
7330
7331
7331
7331
7331
7331
7332
7332
7332
7332
7332
7333
7333
7333
7333
7333
7333
7333
7334
7334
7334
7334
7334
7334
7335
7337
7337
7337
7338
7338
7338
7338
7339
7339
7339
7339
7340
7340
7340
7340
7340
7340
7340
7341
7341
7341
7341
7341
7341
7341
7341
7342
7342
7343
7343
7343
7343
7343
7343
7343
7343
7344
7344
7345
7345
7345
7345
7345
7345
7345
7346
7346
7346
7346
7346
7346
7347
7347
7347
7349
7349
7349
7349
7349
7349
7349
7350
7350
7350
7350
7351
7351
7351
7352
7352
7352
7353
7353
7353
7353
7353
7354
7354
7354
7354
7355
7355
7355
7356
7356
7356
7357
7357
7357
7357
7358
7358
7358
7359
7359
7359
7359
7359
7359
7359
7360
7360
7360
7360
7360
7361
7361
7361
7361
7361
7361
7361
7361
7361
7361
7361
7361
7362
7362
7362
7362
7362
7363
7363
7364
7364
7364
7364
7365
7365
7365
7365
7366
7366
7366
7366
7366
7366
7366
7366
7367
7367
7367
7367
7367
7367
7368
7368
7368
7368
7369
7369
7369
7369
7370
7370
7370
7371
7371
7371
7371
7372
7372
7372
7372
7373
7373
7374
7374
7374
7374
7374
7375
7375
7375
7375
7375
7375
7376
7376
7376
7376
7377
7377
7377
7377
7377
7377
7378
7378
7378
7378
7378
7378
7378
7378
7379
7379
7379
7380
7380
7380
7380
7380
7381
7381
7381
7382
7382
7382
7382
7382
7382
7383
7383
7383
7383
7383
7383
7384
7384
7385
7385
7385
7385
7386
7386
7386
7386
7386
7387
7387
7387
7388
7388
7388
7388
7388
7388
7389
7389
7389
7389
7389
7390
7390
7390
7391
7391
7391
7391
7391
7391
7391
7391
7391
7392
7392
7392
7392
7393
7393
7393
7393
7394
7394
7394
7395
7395
7395
7395
7395
7396
7396
7396
7396
7396
7396
7396
7397
7397
7397
7397
7398
7398
7398
7398
7398
7398
7399
7399
7399
7399
7399
7399
7399
7399
7399
7400
7400
7401
7401
7401
7401
7401
7401
7402
7402
7402
7403
7403
7403
7403
7403
7403
7404
7404
7404
7404
7404
7404
7405
7406
7406
7406
7406
7406
7406
7407
7407
7407
7407
7407
7408
7408
7408
7408
7408
7408
7408
7409
7409
7409
7409
7410
7410
7410
7410
7410
7411
7411
7411
7411
7411
7411
7412
7412
7412
7412
7413
7413
7413
7413
7414
7414
7414
7414
7414
7414
7414
7415
7415
7415
7415
7417
7417
7417
7417
7417
7418
7418
7418
7418
7419
7419
7419
7419
7419
7419
7420
7420
7421
7421
7421
7421
7422
7422
7422
7422
7422
7423
7423
7423
7423
7423
7423
7423
7424
7424
7424
7425
7425
7425
7425
7426
7426
7427
7427
7427
7427
7427
7427
7428
7429
7429
7430
7430
7430
7430
7431
7431
7431
7431
7431
7431
7431
7431
7432
7432
7433
7433
7433
7433
7433
7433
7434
7434
7434
7435
7435
7436
7436
7436
7436
7437
7437
7438
7438
7438
7438
7438
7438
7438
7439
7439
7439
7439
7439
7440
7440
7440
7440
7440
7440
7440
7440
7441
7442
7442
7442
7442
7442
7443
7443
7443
7443
7444
7444
7444
7444
7445
7445
7445
7445
7446
7446
7446
7446
7447
7447
7447
7448
7448
7448
7448
7448
7449
7449
7450
7450
7450
7450
7451
7451
7452
7452
7452
7453
7453
7453
7453
7453
7453
7454
7454
7455
7455
7455
7455
7456
7456
7456
7456
7456
7457
7457
7457
7458
7458
7458
7458
7458
7458
7458
7458
7459
7459
7460
7461
7461
7462
7462
7462
7462
7462
7463
7463
7463
7463
7463
7463
7464
7464
7465
7465
7465
7466
7466
7466
7466
7466
7466
7466
7467
7467
7467
7468
7468
7468
7468
7468
7469
7469
7469
7470
7470
7470
7470
7471
7471
7471
7471
7472
7472
7472
7473
7473
7474
7474
7474
7474
7474
7475
7475
7475
7476
7476
7476
7476
7477
7477
7478
7478
7478
7478
7478
7478
7479
7480
7480
7480
7480
7480
7481
7481
7482
7482
7483
7483
7483
7483
7483
7483
7484
7484
7484
7485
7485
7485
7486
7486
7486
7486
7486
7486
7488
7488
7488
7489
7489
7489
7490
7490
7490
7490
7491
7491
7491
7491
7491
7492
7492
7493
7494
7494
7494
7494
7494
7496
7496
7496
7496
7496
7497
7497
7497
7498
7499
7499
7499
7499
7499
7499
7500
7500
7500
7500
7500
7500
7500
7501
7501
7501
7502
7502
7502
7502
7502
7503
7503
7503
7503
7504
7504
7504
7504
7505
7505
7505
7505
7505
7505
7507
7507
7508
7508
7508
7508
7508
7508
7509
7509
7509
7509
7509
7509
7509
7510
7510
7510
7510
7511
7511
7511
7513
7513
7513
7513
7514
7514
7514
7514
7514
7514
7514
7514
7515
7515
7515
7515
7515
7515
7515
7515
7515
7516
7516
7516
7517
7517
7517
7517
7517
7517
7518
7518
7518
7518
7519
7519
7519
7519
7520
7520
7520
7521
7521
7521
7522
7522
7522
7522
7523
7523
7524
7524
7524
7524
7524
7524
7525
7525
7525
7526
7526
7526
7527
7527
7527
7527
7527
7527
7527
7527
7527
7528
7528
7528
7528
7528
7528
7529
7529
7530
7530
7531
7531
7531
7531
7532
7532
7532
7532
7532
7533
7533
7533
7533
7533
7534
7534
7534
7534
7536
7536
7536
7537
7537
7538
7538
7538
7538
7538
7539
7539
7539
7540
7540
7540
7540
7540
7541
7541
7541
7541
7542
7542
7542
7542
7543
7543
7543
7543
7544
7544
7544
7544
7545
7545
7545
7545
7545
7545
7545
7545
7546
7546
7546
7546
7546
7547
7547
7547
7547
7547
7547
7548
7548
7548
7549
7549
7550
7550
7550
7550
7550
7551
7551
7551
7551
7552
7552
7552
7552
7553
7553
7553
7553
7553
7553
7553
7553
7553
7554
7554
7554
7555
7555
7555
7555
7555
7555
7555
7555
7556
7557
7557
7557
7557
7557
7557
7558
7559
7559
7559
7559
7560
7560
7560
7561
7561
7561
7561
7561
7562
7562
7562
7563
7563
7563
7564
7564
7564
7564
7565
7565
7565
7566
7566
7566
7566
7566
7566
7566
7567
7567
7567
7567
7568
7568
7568
7568
7568
7568
7568
7568
7569
7569
7569
7569
7570
7570
7571
7571
7571
7571
7571
7572
7572
7572
7573
7573
7573
7573
7574
7574
7574
7575
7575
7575
7575
7575
7575
7576
7576
7576
7576
7576
7576
7576
7577
7577
7577
7577
7577
7577
7577
7577
7578
7578
7578
7578
7578
7578
7578
7578
7579
7579
7579
7579
7580
7580
7580
7580
7580
7580
7581
7581
7581
7581
7582
7582
7582
7582
7582
7582
7583
7583
7583
7583
7583
7584
7584
7584
7585
7585
7585
7585
7585
7586
7586
7586
7586
7587
7587
7587
7588
7588
7588
7588
7588
7589
7589
7590
7590
7590
7590
7590
7590
7591
7591
7591
7591
7592
7592
7592
7593
7593
7593
7594
7594
7594
7594
7594
7594
7595
7595
7595
7596
7596
7596
7596
7596
7596
7596
7596
7596
7597
7597
7597
7597
7598
7598
7599
7599
7599
7599
7599
7600
7600
7600
7600
7600
7600
7601
7601
7601
7601
7602
7602
7603
7603
7603
7603
7603
7603
7603
7604
7604
7604
7604
7605
7605
7605
7605
7605
7605
7605
7605
7606
7606
7606
7606
7607
7607
7607
7608
7608
7608
7608
7609
7609
7609
7609
7610
7610
7611
7611
7611
7611
7612
7612
7613
7613
7614
7614
7614
7614
7615
7615
7615
7615
7615
7615
7616
7616
7616
7616
7616
7617
7617
7617
7617
7617
7617
7617
7617
7617
7618
7619
7619
7619
7620
7620
7621
7621
7622
7622
7622
7623
7623
7623
7623
7624
7624
7624
7624
7624
7624
7625
7625
7625
7625
7625
7625
7626
7627
7627
7627
7627
7627
7627
7628
7628
7628
7629
7630
7630
7630
7631
7631
7631
7632
7632
7633
7633
7634
7635
7635
7635
7636
7636
7637
7637
7637
7637
7637
7638
7638
7639
7639
7640
7640
7640
7640
7640
7640
7640
7641
7641
7641
7641
7641
7641
7642
7642
7642
7643
7643
7643
7643
7643
7644
7644
7644
7644
7644
7644
7644
7644
7645
7645
7645
7645
7646
7646
7646
7646
7646
7647
7647
7648
7648
7648
7648
7648
7648
7649
7649
7650
7650
7650
7650
7650
7650
7651
7651
7651
7651
7651
7652
7652
7652
7653
7653
7654
7654
7654
7655
7655
7655
7655
7656
7656
7656
7657
7658
7658
7658
7659
7659
7660
7661
7661
7661
7661
7662
7662
7663
7663
7663
7663
7664
7664
7664
7664
7664
7665
7665
7666
7666
7666
7666
7666
7666
7667
7667
7668
7668
7668
7669
7669
7669
7670
7670
7670
7670
7670
7671
7671
7671
7671
7671
7672
7672
7672
7672
7672
7673
7673
7673
7673
7673
7673
7673
7674
7674
7674
7675
7676
7676
7676
7676
7677
7677
7677
7677
7678
7678
7678
7678
7678
7678
7679
7679
7679
7679
7679
7679
7680
7680
7681
7681
7681
7681
7681
7681
7682
7682
7682
7682
7682
7683
7683
7683
7683
7685
7685
7685
7685
7685
7685
7686
7686
7686
7687
7687
7688
7688
7688
7689
7689
7689
7689
7690
7690
7690
7691
7691
7691
7692
7692
7692
7692
7693
7693
7693
7693
7693
7694
7694
7694
7694
7694
7695
7695
7695
7696
7697
7697
7697
7698
7698
7698
7699
7699
7700
7700
7700
7701
7701
7702
7702
7702
7702
7702
7703
7703
7703
7703
7703
7703
7704
7704
7705
7706
7706
7706
7706
7706
7706
7707
7707
7707
7707
7707
7707
7707
7707
7707
7708
7708
7709
7709
7709
7710
7710
7710
7711
7711
7711
7712
7712
7713
7713
7713
7713
7713
7714
7715
7715
7715
7715
7715
7716
7716
7716
7716
7716
7716
7717
7717
7718
7718
7718
7719
7719
7719
7719
7720
7720
7720
7721
7721
7721
7721
7721
7721
7722
7722
7722
7722
7722
7722
7723
7723
7723
7723
7723
7724
7724
7724
7724
7725
7725
7725
7725
7726
7726
7726
7726
7726
7726
7726
7728
7728
7728
7729
7729
7729
7729
7729
7729
7730
7730
7730
7730
7731
7731
7731
7731
7732
7732
7732
7732
7732
7732
7733
7733
7733
7733
7734
7734
7734
7734
7734
7735
7735
7736
7736
7736
7736
7737
7737
7737
7737
7737
7737
7737
7737
7738
7739
7739
7740
7740
7740
7740
7741
7741
7741
7741
7741
7741
7742
7743
7743
7743
7744
7744
7745
7745
7745
7745
7745
7746
7746
7746
7746
7746
7747
7747
7747
7747
7747
7747
7748
7748
7748
7748
7749
7749
7749
7749
7750
7750
7750
7750
7750
7750
7751
7752
7752
7753
7753
7753
7753
7753
7753
7754
7754
7755
7755
7756
7756
7756
7756
7757
7757
7757
7758
7758
7758
7758
7759
7759
7761
7762
7762
7762
7762
7763
7763
7763
7763
7763
7764
7764
7764
7765
7765
7765
7766
7766
7766
7767
7767
7768
7768
7768
7768
7769
7770
7770
7770
7770
7770
7770
7770
7771
7771
7772
7772
7772
7773
7773
7773
7773
7774
7774
7774
7774
7775
7776
7776
7776
7776
7777
7778
7778
7778
7779
7779
7779
7780
7780
7780
7781
7781
7781
7782
7782
7782
7783
7783
7783
7783
7784
7784
7784
7784
7785
7786
7786
7786
7786
7786
7787
7787
7788
7788
7789
7789
7789
7789
7790
7790
7790
7790
7791
7791
7791
7791
7791
7791
7791
7792
7792
7792
7792
7793
7793
7793
7793
7793
7794
7795
7795
7795
7796
7796
7796
7797
7797
7797
7797
7798
7798
7798
7798
7798
7798
7799
7799
7800
7800
7800
7800
7800
7801
7801
7801
7801
7802
7802
7802
7803
7803
7803
7804
7805
7805
7805
7805
7805
7805
7806
7806
7806
7806
7806
7806
7806
7806
7806
7807
7807
7807
7807
7807
7808
7808
7808
7809
7810
7810
7810
7810
7811
7812
7812
7812
7813
7813
7814
7814
7814
7815
7815
7815
7815
7816
7816
7816
7816
7816
7817
7817
7817
7817
7818
7819
7819
7820
7820
7820
7821
7821
7822
7822
7822
7822
7822
7823
7823
7823
7824
7824
7824
7824
7824
7824
7825
7825
7826
7826
7827
7827
7828
7828
7828
7828
7828
7828
7829
7829
7829
7829
7829
7829
7829
7830
7831
7831
7831
7831
7831
7832
7832
7833
7833
7833
7833
7833
7834
7836
7836
7836
7837
7837
7837
7837
7838
7839
7839
7839
7840
7840
7840
7840
7841
7841
7841
7841
7842
7842
7842
7843
7844
7844
7844
7844
7845
7845
7845
7845
7846
7846
7846
7847
7847
7847
7848
7849
7849
7849
7849
7849
7849
7849
7851
7851
7851
7851
7851
7852
7853
7853
7853
7853
7853
7853
7854
7854
7855
7856
7856
7856
7857
7857
7857
7857
7858
7858
7858
7858
7858
7859
7859
7859
7859
7859
7859
7859
7860
7860
7860
7860
7861
7862
7862
7862
7863
7863
7863
7863
7864
7864
7864
7864
7865
7865
7867
7867
7867
7867
7868
7868
7868
7869
7869
7869
7869
7870
7870
7871
7871
7871
7872
7872
7873
7873
7874
7874
7874
7874
7875
7875
7875
7876
7876
7876
7876
7876
7877
7877
7877
7877
7877
7877
7877
7877
7878
7878
7879
7879
7880
7880
7881
7882
7882
7882
7882
7882
7882
7882
7882
7883
7883
7883
7883
7884
7884
7884
7884
7884
7884
7885
7885
7886
7886
7886
7886
7886
7886
7887
7887
7887
7887
7887
7888
7888
7888
7888
7888
7888
7889
7889
7889
7889
7889
7890
7890
7891
7891
7892
7892
7892
7892
7892
7893
7893
7894
7894
7894
7894
7894
7895
7895
7895
7895
7896
7897
7897
7897
7898
7898
7899
7899
7899
7899
7900
7900
7900
7900
7900
7901
7901
7901
7901
7902
7902
7902
7902
7902
7903
7903
7903
7903
7904
7905
7905
7905
7906
7906
7906
7906
7906
7906
7907
7907
7907
7908
7908
7909
7909
7909
7910
7910
7910
7910
7910
7911
7911
7911
7911
7911
7911
7911
7911
7912
7912
7912
7912
7913
7913
7913
7913
7913
7913
7913
7913
7913
7914
7914
7914
7915
7916
7916
7916
7916
7917
7917
7917
7917
7917
7918
7918
7919
7919
7919
7919
7920
7920
7920
7920
7921
7921
7921
7921
7921
7921
7922
7922
7922
7922
7923
7923
7923
7923
7924
7924
7924
7924
7925
7925
7926
7926
7926
7926
7926
7927
7929
7929
7929
7929
7930
7930
7930
7930
7930
7931
7931
7931
7931
7932
7932
7932
7933
7933
7933
7934
7934
7934
7934
7934
7934
7934
7934
7935
7935
7935
7936
7936
7936
7936
7937
7937
7937
7938
7938
7938
7938
7938
7939
7940
7941
7941
7941
7942
7943
7943
7943
7943
7943
7944
7944
7945
7945
7945
7946
7946
7946
7946
7946
7946
7947
7947
7947
7947
7948
7948
7948
7948
7948
7949
7949
7949
7949
7949
7950
7950
7950
7950
7951
7951
7951
7952
7952
7952
7952
7952
7954
7954
7954
7954
7954
7955
7956
7956
7956
7956
7956
7956
7956
7957
7957
7957
7957
7958
7958
7959
7959
7960
7960
7961
7961
7961
7961
7962
7962
7962
7963
7963
7963
7963
7964
7964
7964
7964
7964
7964
7964
7966
7966
7966
7967
7967
7967
7967
7968
7968
7968
7968
7969
7969
7969
7969
7969
7969
7969
7969
7970
7970
7970
7970
7970
7971
7971
7971
7971
7972
7972
7972
7973
7973
7974
7974
7974
7974
7974
7975
7976
7976
7976
7976
7976
7977
7977
7977
7977
7978
7978
7978
7978
7978
7978
7978
7979
7979
7979
7979
7979
7979
7979
7980
7980
7980
7980
7981
7981
7981
7981
7981
7981
7981
7982
7982
7982
7982
7982
7983
7983
7983
7984
7984
7985
7985
7985
7985
7985
7986
7986
7986
7988
7988
7988
7988
7989
7989
7989
7990
7990
7990
7990
7991
7991
7991
7992
7992
7993
7993
7993
7993
7994
7994
7994
7995
7995
7996
7996
7996
7997
7997
7997
7998
7998
7999
8000
8000
8000
8000
8001
8001
8001
8001
8002
8002
8002
8002
8002
8002
8003
8003
8003
8003
8003
8004
8004
8005
8005
8005
8006
8006
8006
8006
8007
8008
8008
8008
8009
8011
8011
8011
8011
8011
8011
8012
8012
8012
8012
8012
8012
8013
8013
8013
8013
8013
8013
8013
8014
8014
8014
8014
8014
8015
8015
8015
8016
8016
8016
8016
8017
8017
8017
8017
8018
8018
8018
8019
8019
8020
8020
8020
8020
8020
8021
8021
8021
8021
8021
8022
8022
8023
8023
8023
8024
8024
8024
8025
8025
8025
8025
8025
8026
8026
8026
8026
8026
8027
8028
8029
8029
8030
8030
8031
8031
8031
8031
8031
8032
8032
8032
8032
8032
8032
8033
8033
8033
8033
8033
8033
8034
8034
8034
8034
8034
8035
8035
8036
8036
8036
8037
8037
8037
8038
8038
8038
8038
8039
8039
8039
8040
8040
8040
8041
8041
8041
8041
8042
8042
8042
8042
8043
8043
8043
8044
8044
8044
8045
8045
8045
8045
8046
8046
8047
8047
8048
8048
8048
8048
8050
8050
8050
8050
8051
8051
8051
8052
8052
8052
8052
8052
8052
8052
8053
8054
8054
8054
8054
8055
8056
8056
8056
8056
8056
8056
8056
8057
8057
8057
8057
8057
8057
8058
8058
8058
8058
8058
8059
8059
8060
8061
8061
8061
8061
8061
8062
8063
8063
8063
8063
8063
8064
8064
8064
8065
8065
8065
8065
8066
8066
8066
8066
8066
8066
8066
8067
8067
8067
8067
8067
8068
8068
8069
8069
8069
8069
8070
8070
8071
8072
8072
8072
8072
8073
8073
8073
8074
8074
8074
8074
8075
8075
8076
8077
8077
8077
8077
8078
8078
8079
8079
8079
8079
8079
8079
8080
8080
8080
8080
8081
8081
8081
8082
8082
8082
8082
8082
8083
8083
8083
8083
8083
8083
8084
8085
8085
8085
8086
8087
8088
8088
8089
8089
8089
8090
8091
8091
8091
8092
8092
8092
8092
8092
8092
8092
8093
8093
8094
8094
8095
8095
8095
8096
8096
8096
8097
8097
8097
8098
8098
8099
8099
8099
8099
8099
8099
8100
8100
8101
8101
8101
8102
8102
8102
8102
8102
8102
8103
8103
8103
8104
8104
8104
8106
8106
8106
8106
8106
8107
8107
8107
8108
8108
8108
8108
8108
8110
8111
8111
8111
8112
8112
8112
8112
8112
8113
8113
8114
8114
8115
8115
8115
8116
8116
8116
8116
8116
8117
8118
8119
8119
8120
8120
8120
8120
8121
8121
8122
8122
8122
8123
8123
8123
8124
8124
8124
8124
8124
8124
8124
8125
8125
8125
8125
8126
8126
8128
8128
8128
8128
8128
8129
8129
8129
8130
8130
8131
8131
8131
8131
8132
8132
8133
8133
8133
8133
8133
8134
8134
8134
8135
8135
8135
8136
8136
8137
8138
8138
8139
8140
8140
8141
8141
8141
8141
8142
8142
8143
8143
8143
8143
8144
8144
8145
8145
8145
8145
8145
8145
8146
8146
8146
8147
8147
8147
8147
8147
8147
8148
8148
8149
8149
8149
8149
8149
8150
8150
8151
8152
8152
8153
8153
8153
8154
8154
8154
8155
8155
8156
8156
8156
8156
8156
8157
8157
8157
8157
8157
8158
8158
8158
8158
8158
8158
8159
8159
8159
8160
8160
8160
8160
8161
8161
8161
8161
8161
8161
8162
8162
8162
8162
8162
8163
8164
8164
8165
8165
8165
8166
8166
8166
8167
8167
8167
8167
8168
8168
8168
8168
8168
8169
8169
8169
8170
8170
8171
8171
8171
8171
8172
8172
8172
8172
8172
8173
8174
8174
8175
8176
8176
8176
8177
8177
8177
8177
8177
8178
8178
8178
8178
8179
8179
8180
8181
8181
8181
8181
8181
8182
8182
8183
8183
8183
8183
8184
8184
8184
8185
8185
8186
8186
8187
8187
8188
8188
8188
8188
8189
8190
8190
8190
8190
8191
8191
8191
8191
8191
8192
8192
8193
8194
8194
8195
8195
8196
8197
8198
8198
8198
8199
8199
8199
8199
8199
8199
8200
8200
8200
8200
8201
8201
8201
8202
8203
8203
8203
8203
8203
8203
8204
8204
8204
8204
8205
8205
8205
8206
8207
8207
8207
8207
8207
8207
8207
8208
8208
8208
8208
8209
8209
8209
8210
8210
8210
8210
8211
8211
8211
8211
8211
8211
8211
8212
8212
8212
8212
8212
8213
8214
8215
8215
8216
8216
8216
8216
8216
8217
8217
8217
8218
8219
8219
8219
8219
8220
8220
8220
8220
8221
8221
8221
8221
8221
8222
8224
8225
8226
8226
8226
8226
8227
8227
8227
8227
8227
8227
8229
8229
8229
8229
8230
8230
8230
8230
8231
8231
8231
8231
8231
8231
8232
8232
8232
8233
8233
8233
8233
8234
8234
8235
8235
8236
8236
8236
8236
8236
8237
8237
8238
8238
8239
8239
8240
8240
8240
8241
8241
8241
8241
8241
8241
8242
8242
8242
8243
8243
8243
8243
8243
8243
8243
8244
8244
8244
8244
8245
8245
8245
8245
8246
8246
8246
8247
8247
8247
8247
8247
8247
8248
8248
8249
8249
8249
8249
8250
8250
8251
8251
8251
8251
8252
8252
8252
8252
8253
8253
8253
8253
8254
8254
8254
8254
8255
8255
8255
8255
8255
8256
8256
8256
8256
8256
8256
8257
8257
8257
8257
8257
8258
8258
8258
8259
8259
8259
8259
8259
8260
8261
8262
8262
8262
8263
8263
8263
8263
8263
8263
8264
8264
8264
8264
8265
8265
8265
8266
8266
8266
8266
8266
8266
8266
8267
8267
8267
8267
8267
8268
8268
8268
8269
8270
8270
8270
8270
8271
8271
8271
8271
8271
8271
8272
8272
8272
8272
8272
8273
8274
8274
8274
8274
8277
8278
8280
8281
8281
8282
8282
8283
8283
8283
8283
8283
8283
8283
8283
8284
8284
8284
8284
8284
8285
8285
8285
8285
8286
8286
8287
8287
8287
8287
8287
8287
8288
8288
8288
8289
8290
8290
8290
8290
8290
8291
8291
8291
8292
8292
8292
8292
8292
8292
8292
8293
8293
8293
8294
8294
8294
8294
8295
8295
8296
8296
8296
8297
8298
8298
8298
8298
8298
8299
8300
8300
8300
8300
8302
8302
8303
8303
8303
8304
8304
8304
8305
8305
8306
8306
8307
8307
8307
8307
8307
8307
8309
8309
8309
8309
8310
8310
8311
8311
8311
8312
8312
8313
8313
8314
8314
8314
8314
8314
8314
8315
8316
8316
8316
8316
8316
8316
8317
8317
8318
8318
8318
8319
8319
8319
8319
8320
8320
8320
8320
8320
8320
8321
8321
8321
8321
8321
8321
8322
8322
8322
8322
8323
8323
8323
8324
8325
8325
8325
8326
8326
8327
8327
8329
8329
8329
8329
8331
8331
8331
8331
8331
8333
8333
8333
8334
8334
8335
8336
8336
8336
8336
8336
8336
8336
8336
8337
8337
8337
8337
8337
8337
8337
8338
8338
8339
8339
8339
8339
8339
8340
8340
8340
8341
8341
8341
8342
8342
8343
8343
8343
8344
8344
8344
8344
8345
8345
8346
8346
8347
8347
8347
8347
8348
8349
8350
8350
8350
8350
8350
8351
8351
8351
8353
8353
8353
8354
8354
8354
8354
8354
8354
8354
8355
8356
8356
8357
8357
8357
8358
8358
8359
8359
8360
8360
8361
8361
8361
8361
8361
8362
8362
8363
8363
8363
8364
8364
8364
8364
8365
8366
8367
8367
8367
8368
8368
8368
8369
8369
8369
8369
8371
8371
8372
8372
8372
8372
8372
8373
8373
8374
8375
8375
8375
8375
8376
8376
8377
8378
8378
8378
8378
8378
8378
8378
8379
8379
8380
8380
8380
8380
8381
8381
8381
8382
8382
8382
8382
8382
8383
8383
8384
8384
8384
8385
8385
8385
8385
8386
8386
8387
8387
8388
8388
8389
8389
8389
8389
8389
8390
8392
8392
8392
8393
8393
8393
8393
8394
8395
8395
8395
8395
8396
8397
8397
8398
8398
8398
8399
8399
8400
8400
8401
8402
8402
8402
8402
8403
8403
8403
8403
8403
8404
8404
8404
8405
8405
8405
8405
8406
8407
8407
8407
8407
8408
8408
8409
8409
8409
8409
8409
8409
8410
8410
8410
8410
8411
8411
8411
8411
8412
8412
8412
8412
8413
8413
8414
8414
8415
8415
8415
8415
8415
8415
8416
8417
8417
8418
8418
8418
8418
8418
8419
8419
8420
8420
8420
8420
8420
8421
8421
8422
8422
8422
8422
8423
8424
8425
8426
8426
8426
8427
8427
8428
8428
8428
8429
8429
8429
8429
8430
8431
8432
8432
8432
8432
8433
8433
8433
8434
8434
8434
8435
8435
8435
8435
8436
8437
8437
8438
8439
8439
8439
8439
8440
8440
8441
8441
8441
8441
8441
8442
8442
8442
8443
8443
8444
8444
8444
8444
8444
8445
8445
8445
8446
8446
8447
8447
8447
8447
8447
8448
8448
8448
8449
8449
8449
8450
8450
8451
8451
8452
8453
8453
8453
8453
8454
8454
8454
8454
8455
8455
8455
8456
8457
8458
8458
8458
8460
8460
8460
8460
8461
8461
8461
8461
8461
8461
8462
8462
8462
8462
8463
8463
8464
8465
8465
8465
8465
8465
8466
8466
8466
8466
8466
8466
8466
8467
8467
8468
8468
8469
8470
8470
8471
8471
8471
8471
8472
8472
8472
8473
8473
8473
8474
8474
8474
8474
8474
8474
8475
8476
8476
8476
8476
8478
8478
8479
8479
8479
8479
8479
8479
8479
8480
8482
8482
8482
8483
8484
8484
8484
8485
8485
8486
8487
8487
8488
8489
8490
8490
8491
8492
8493
8493
8494
8494
8494
8494
8495
8496
8497
8497
8497
8498
8498
8498
8499
8499
8500
8500
8501
8501
8502
8502
8503
8503
8503
8503
8504
8504
8504
8505
8505
8506
8506
8506
8507
8507
8507
8507
8508
8508
8509
8509
8509
8510
8511
8511
8511
8511
8511
8512
8512
8512
8513
8514
8514
8515
8515
8515
8515
8515
8516
8516
8516
8517
8517
8518
8519
8519
8519
8519
8520
8521
8521
8522
8522
8522
8523
8524
8524
8524
8525
8525
8525
8526
8526
8527
8527
8527
8528
8528
8528
8529
8529
8529
8529
8529
8530
8531
8532
8532
8533
8533
8533
8534
8534
8535
8535
8535
8535
8536
8536
8536
8536
8536
8537
8538
8538
8539
8540
8540
8540
8540
8540
8540
8541
8541
8541
8542
8542
8542
8542
8542
8543
8543
8544
8545
8545
8546
8546
8546
8547
8547
8547
8547
8548
8549
8550
8551
8552
8552
8552
8553
8553
8553
8554
8554
8555
8556
8556
8557
8557
8557
8558
8558
8558
8558
8559
8560
8560
8560
8560
8561
8561
8561
8561
8561
8562
8562
8562
8562
8562
8563
8563
8563
8564
8564
8564
8564
8565
8565
8565
8568
8569
8569
8569
8570
8570
8572
8572
8572
8572
8572
8572
8572
8573
8573
8573
8573
8573
8574
8574
8574
8574
8574
8574
8575
8576
8577
8577
8577
8577
8578
8578
8579
8579
8579
8580
8580
8580
8582
8583
8583
8584
8585
8585
8586
8586
8586
8586
8588
8589
8589
8590
8590
8590
8590
8591
8591
8592
8593
8593
8593
8594
8594
8594
8594
8595
8596
8597
8597
8597
8598
8599
8600
8600
8600
8601
8601
8601
8602
8602
8602
8602
8603
8604
8605
8605
8605
8606
8606
8607
8607
8607
8608
8609
8609
8609
8609
8609
8610
8610
8611
8611
8611
8611
8612
8612
8612
8613
8613
8614
8615
8615
8615
8615
8616
8617
8618
8618
8618
8618
8618
8618
8619
8619
8619
8619
8620
8620
8620
8621
8621
8622
8623
8623
8623
8623
8623
8623
8624
8624
8624
8625
8625
8625
8625
8626
8626
8626
8627
8627
8627
8628
8628
8629
8629
8629
8629
8629
8629
8630
8631
8632
8632
8632
8632
8632
8633
8633
8633
8633
8633
8634
8634
8635
8635
8635
8637
8638
8638
8639
8639
8639
8639
8640
8640
8640
8640
8643
8643
8643
8644
8644
8644
8644
8645
8645
8645
8646
8646
8647
8647
8648
8648
8648
8649
8650
8650
8651
8651
8652
8653
8653
8653
8654
8654
8654
8655
8655
8655
8656
8656
8656
8656
8658
8658
8660
8660
8661
8662
8662
8662
8664
8665
8666
8666
8666
8666
8667
8667
8667
8667
8667
8668
8668
8668
8669
8670
8670
8671
8671
8672
8672
8672
8672
8672
8672
8672
8673
8674
8674
8674
8674
8674
8675
8676
8676
8676
8677
8677
8677
8677
8677
8678
8678
8679
8679
8680
8680
8680
8681
8682
8683
8684
8684
8685
8685
8685
8686
8686
8686
8687
8687
8687
8688
8688
8689
8689
8690
8690
8690
8692
8692
8692
8692
8693
8694
8694
8695
8695
8696
8697
8698
8700
8700
8700
8701
8702
8702
8702
8702
8703
8703
8703
8703
8704
8704
8704
8706
8706
8706
8707
8708
8708
8708
8708
8709
8709
8710
8710
8710
8710
8710
8711
8711
8711
8712
8712
8712
8713
8713
8713
8714
8714
8715
8715
8718
8719
8720
8720
8721
8721
8721
8721
8723
8723
8724
8724
8724
8724
8724
8724
8725
8725
8725
8726
8726
8726
8727
8727
8727
8727
8729
8730
8730
8731
8731
8732
8732
8732
8732
8732
8733
8733
8734
8734
8734
8735
8735
8735
8735
8736
8736
8736
8737
8737
8738
8738
8739
8739
8739
8739
8739
8740
8740
8740
8740
8741
8741
8741
8742
8742
8743
8744
8744
8744
8745
8745
8746
8747
8747
8748
8748
8748
8749
8749
8749
8749
8750
8750
8751
8751
8751
8752
8753
8754
8754
8754
8754
8754
8755
8755
8755
8756
8756
8757
8757
8757
8758
8758
8758
8758
8758
8758
8758
8759
8760
8760
8760
8761
8761
8761
8762
8762
8762
8763
8763
8764
8764
8765
8765
8766
8766
8766
8767
8768
8768
8768
8768
8768
8769
8769
8769
8770
8771
8771
8772
8773
8773
8773
8774
8774
8774
8775
8775
8775
8776
8776
8776
8776
8776
8777
8777
8778
8778
8778
8779
8779
8779
8779
8779
8780
8780
8780
8781
8782
8782
8782
8782
8783
8783
8783
8783
8784
8784
8784
8785
8785
8785
8786
8786
8786
8787
8787
8787
8787
8787
8788
8788
8788
8789
8789
8789
8789
8790
8792
8792
8792
8792
8793
8793
8793
8794
8794
8795
8795
8796
8797
8798
8798
8798
8800
8800
8801
8803
8803
8803
8804
8804
8805
8805
8807
8807
8807
8808
8808
8809
8810
8810
8811
8812
8812
8813
8813
8814
8814
8814
8815
8815
8816
8816
8817
8818
8818
8818
8820
8821
8821
8821
8822
8822
8822
8822
8823
8823
8824
8824
8826
8826
8826
8827
8827
8827
8827
8828
8828
8828
8829
8830
8830
8831
8832
8832
8833
8833
8833
8834
8835
8835
8837
8837
8837
8837
8838
8838
8839
8839
8841
8842
8842
8842
8842
8842
8843
8846
8846
8846
8847
8847
8848
8848
8849
8850
8850
8850
8851
8851
8852
8852
8852
8853
8853
8854
8854
8854
8855
8856
8856
8856
8856
8858
8858
8858
8858
8859
8860
8861
8861
8861
8862
8862
8864
8864
8864
8864
8864
8864
8865
8866
8866
8869
8869
8869
8869
8870
8870
8870
8872
8874
8875
8875
8876
8876
8877
8877
8877
8878
8879
8879
8879
8880
8881
8881
8881
8882
8882
8883
8883
8884
8885
8887
8887
8887
8887
8887
8887
8888
8888
8888
8888
8889
8890
8890
8890
8891
8893
8894
8894
8894
8894
8895
8895
8895
8897
8897
8898
8898
8899
8899
8899
8899
8900
8900
8900
8901
8901
8901
8903
8903
8903
8903
8903
8905
8905
8907
8907
8907
8908
8909
8909
8909
8910
8910
8911
8911
8911
8913
8913
8913
8914
8915
8916
8918
8919
8920
8920
8920
8922
8922
8922
8923
8923
8924
8925
8926
8926
8926
8926
8927
8927
8927
8928
8929
8930
8934
8934
8935
8936
8936
8936
8937
8939
8939
8939
8939
8940
8940
8941
8941
8941
8942
8942
8942
8942
8942
8943
8945
8947
8949
8950
8950
8950
8951
8952
8953
8953
8953
8953
8954
8954
8955
8955
8955
8955
8955
8957
8959
8959
8960
8960
8960
8961
8962
8962
8963
8963
8963
8964
8965
8966
8966
8967
8967
8968
8969
8969
8970
8971
8973
8973
8974
8974
8974
8975
8976
8976
8976
8976
8977
8979
8980
8980
8980
8980
8981
8981
8981
8983
8983
8983
8984
8984
8985
8986
8986
8987
8988
8988
8988
8988
8989
8991
8994
8994
8994
8994
8995
8995
8995
8995
8996
8996
8997
8998
8998
8998
8998
8999
8999
8999
8999
8999
8999
9000
9001
9002
9002
9002
9002
9002
9002
9002
9003
9003
9003
9004
9004
9004
9004
9005
9005
9006
9007
9008
9008
9012
9013
9013
9014
9014
9014
9014
9015
9015
9015
9016
9016
9016
9018
9018
9018
9018
9018
9020
9020
9021
9021
9022
9023
9025
9025
9025
9026
9026
9027
9028
9029
9029
9029
9029
9029
9033
9034
9034
9034
9037
9039
9039
9039
9039
9040
9041
9042
9042
9043
9043
9043
9044
9044
9045
9045
9046
9047
9047
9048
9049
9049
9050
9050
9050
9051
9051
9052
9052
9054
9054
9054
9055
9055
9055
9056
9056
9057
9057
9057
9058
9059
9059
9059
9059
9060
9060
9060
9061
9061
9061
9063
9063
9063
9063
9064
9065
9066
9066
9067
9068
9069
9069
9069
9069
9071
9072
9072
9072
9073
9073
9073
9074
9075
9075
9075
9075
9076
9077
9077
9077
9078
9078
9078
9079
9080
9081
9081
9081
9082
9082
9082
9082
9083
9083
9083
9084
9084
9084
9085
9085
9085
9086
9086
9086
9086
9087
9088
9090
9091
9091
9091
9093
9094
9095
9095
9095
9096
9096
9098
9098
9100
9100
9100
9100
9101
9101
9102
9102
9103
9103
9103
9104
9105
9105
9105
9106
9106
9107
9107
9110
9110
9110
9111
9112
9112
9113
9114
9115
9115
9115
9115
9115
9115
9115
9117
9117
9117
9118
9118
9119
9119
9119
9120
9121
9123
9123
9124
9124
9124
9124
9125
9127
9127
9127
9127
9127
9128
9128
9129
9129
9130
9130
9131
9131
9131
9132
9134
9135
9135
9136
9136
9136
9137
9137
9137
9137
9138
9139
9139
9139
9140
9140
9141
9141
9142
9142
9142
9142
9143
9143
9143
9145
9146
9147
9147
9147
9148
9149
9150
9150
9151
9151
9153
9156
9156
9156
9158
9158
9158
9158
9160
9161
9161
9161
9163
9164
9165
9165
9165
9165
9165
9165
9166
9166
9167
9168
9168
9169
9169
9170
9170
9170
9171
9171
9171
9171
9172
9172
9172
9173
9173
9174
9175
9175
9176
9176
9176
9177
9177
9177
9177
9178
9179
9179
9180
9180
9181
9181
9181
9181
9182
9182
9183
9183
9185
9186
9187
9189
9189
9189
9190
9191
9191
9192
9193
9194
9194
9195
9196
9197
9197
9197
9197
9198
9198
9199
9200
9200
9201
9201
9202
9203
9204
9205
9206
9207
9207
9208
9208
9209
9209
9209
9209
9210
9210
9210
9211
9211
9211
9212
9212
9212
9213
9214
9215
9215
9215
9217
9217
9219
9219
9220
9220
9223
9224
9224
9224
9225
9227
9227
9227
9227
9227
9228
9228
9229
9229
9229
9230
9230
9231
9233
9234
9234
9234
9234
9236
9237
9237
9238
9239
9239
9240
9240
9241
9242
9242
9242
9242
9243
9245
9245
9246
9246
9247
9247
9247
9248
9249
9249
9250
9250
9251
9252
9252
9252
9253
9254
9254
9255
9256
9258
9258
9259
9260
9260
9262
9262
9264
9264
9264
9265
9267
9267
9267
9268
9268
9269
9269
9269
9270
9271
9271
9271
9271
9271
9272
9273
9273
9273
9273
9273
9274
9275
9277
9278
9280
9281
9281
9282
9283
9283
9284
9284
9284
9285
9285
9286
9286
9286
9286
9287
9287
9289
9289
9289
9290
9290
9291
9291
9291
9291
9293
9293
9293
9293
9294
9295
9296
9296
9296
9298
9299
9301
9302
9302
9303
9303
9303
9303
9303
9303
9304
9304
9304
9305
9307
9307
9307
9307
9307
9308
9308
9308
9309
9309
9309
9310
9310
9311
9312
9312
9312
9312
9312
9313
9316
9316
9316
9317
9317
9318
9318
9319
9320
9320
9320
9322
9323
9324
9326
9326
9327
9327
9327
9328
9329
9331
9331
9332
9332
9332
9332
9333
9333
9333
9335
9335
9336
9336
9337
9338
9338
9338
9339
9339
9339
9339
9340
9340
9341
9341
9341
9342
9342
9342
9343
9343
9344
9344
9345
9345
9346
9346
9347
9347
9349
9349
9349
9350
9350
9351
9352
9353
9354
9355
9355
9360
9360
9361
9361
9361
9361
9362
9363
9364
9365
9365
9367
9368
9368
9369
9369
9369
9371
9372
9372
9373
9373
9373
9373
9375
9375
9375
9376
9377
9378
9378
9378
9379
9379
9380
9380
9381
9382
9382
9385
9385
9385
9387
9387
9387
9388
9388
9389
9389
9389
9391
9393
9394
9394
9395
9396
9396
9397
9397
9397
9398
9398
9398
9399
9400
9401
9402
9402
9403
9404
9404
9404
9405
9406
9406
9406
9406
9407
9407
9408
9409
9409
9410
9410
9410
9410
9411
9413
9413
9413
9414
9414
9415
9417
9417
9419
9419
9419
9420
9420
9420
9420
9420
9420
9421
9421
9422
9423
9425
9425
9426
9426
9426
9427
9429
9431
9432
9432
9434
9434
9435
9435
9437
9438
9438
9438
9438
9438
9440
9441
9441
9441
9441
9441
9441
9442
9443
9444
9445
9446
9447
9448
9448
9449
9449
9449
9450
9450
9450
9450
9450
9452
9453
9455
9456
9457
9458
9459
9459
9460
9460
9461
9461
9461
9462
9462
9462
9462
9462
9465
9467
9468
9468
9468
9469
9469
9470
9470
9470
9470
9471
9471
9472
9472
9473
9473
9474
9474
9474
9476
9477
9478
9479
9479
9480
9480
9481
9482
9482
9482
9483
9486
9486
9486
9486
9488
9491
9491
9494
9495
9498
9498
9499
9499
9499
9500
9500
9500
9501
9502
9503
9503
9504
9504
9505
9507
9507
9511
9511
9512
9513
9514
9514
9516
9516
9518
9518
9520
9520
9522
9525
9525
9527
9527
9527
9528
9529
9529
9531
9531
9533
9533
9534
9535
9535
9536
9536
9537
9537
9539
9540
9540
9541
9541
9543
9544
9544
9544
9544
9546
9547
9547
9547
9548
9548
9549
9549
9550
9550
9550
9550
9550
9551
9551
9552
9552
9553
9555
9555
9555
9557
9557
9558
9558
9559
9560
9561
9563
9563
9563
9564
9564
9565
9565
9566
9567
9568
9568
9569
9571
9571
9572
9573
9574
9574
9575
9575
9577
9579
9580
9580
9581
9582
9583
9586
9587
9587
9588
9589
9590
9591
9592
9593
9593
9593
9593
9593
9593
9594
9594
9594
9594
9595
9595
9596
9596
9597
9597
9600
9600
9600
9601
9601
9601
9602
9603
9604
9605
9605
9606
9606
9609
9611
9611
9611
9612
9612
9613
9614
9614
9620
9620
9621
9621
9622
9624
9625
9625
9626
9626
9627
9627
9628
9629
9630
9631
9632
9633
9633
9633
9634
9634
9634
9636
9636
9637
9637
9638
9639
9640
9640
9640
9641
9642
9642
9645
9645
9645
9646
9647
9650
9651
9651
9651
9653
9653
9654
9655
9657
9658
9658
9661
9662
9662
9662
9662
9664
9665
9666
9668
9669
9669
9671
9672
9673
9677
9677
9677
9678
9678
9678
9679
9679
9679
9682
9683
9683
9684
9686
9686
9687
9687
9687
9688
9689
9689
9690
9692
9693
9694
9694
9695
9696
9698
9698
9699
9700
9701
9701
9703
9704
9704
9705
9706
9708
9708
9708
9708
9709
9709
9710
9710
9712
9713
9713
9714
9715
9716
9716
9717
9718
9719
9719
9720
9722
9723
9725
9725
9726
9726
9728
9728
9730
9730
9732
9733
9734
9734
9734
9734
9736
9736
9736
9737
9737
9737
9738
9738
9740
9740
9741
9741
9742
9743
9743
9745
9748
9748
9752
9753
9754
9754
9756
9758
9758
9759
9759
9760
9761
9762
9763
9763
9763
9763
9765
9765
9766
9767
9768
9768
9769
9770
9771
9772
9773
9775
9776
9778
9779
9779
9780
9780
9781
9782
9783
9783
9783
9784
9784
9785
9785
9786
9786
9786
9786
9787
9788
9788
9789
9789
9790
9790
9790
9791
9791
9792
9793
9793
9794
9795
9795
9796
9797
9798
9798
9798
9799
9799
9799
9799
9800
9801
9801
9801
9801
9803
9803
9804
9804
9805
9805
9806
9807
9808
9810
9810
9811
9811
9811
9812
9812
9814
9815
9815
9815
9818
9819
9819
9820
9823
9823
9824
9824
9825
9826
9827
9827
9827
9827
9827
9828
9828
9828
9829
9830
9830
9831
9832
9834
9834
9834
9834
9834
9835
9836
9836
9837
9837
9838
9839
9840
9840
9840
9840
9840
9841
9843
9844
9845
9848
9848
9849
9851
9853
9853
9854
9854
9854
9855
9855
9856
9857
9860
9860
9863
9863
9864
9865
9865
9866
9868
9871
9872
9873
9873
9873
9873
9874
9876
9876
9877
9878
9879
9879
9880
9882
9882
9882
9883
9884
9884
9888
9888
9889
9890
9890
9891
9891
9892
9893
9894
9894
9899
9899
9902
9902
9902
9903
9903
9903
9903
9904
9904
9904
9904
9904
9906
9906
9908
9908
9908
9909
9909
9910
9910
9911
9913
9916
9916
9917
9917
9919
9919
9920
9921
9922
9923
9924
9924
9924
9926
9927
9929
9929
9930
9930
9932
9935
9938
9938
9939
9939
9943
9943
9945
9945
9945
9946
9947
9947
9948
9950
9950
9951
9951
9951
9952
9952
9953
9953
9953
9954
9955
9955
9956
9956
9957
9957
9957
9957
9958
9959
9960
9963
9965
9968
9968
9970
9971
9971
9973
9973
9974
9974
9976
9977
9979
9979
9979
9980
9981
9982
9982
9983
9983
9984
9985
9985
9986
9986
9987
9987
9989
9989
9991
9991
9992
9993
9994
9995
9996
9996
9997
9997
9998
9998
9999
9999
9999
10000
10000
10002
10002
10002
10003
10004
10004
10004
10004
10005
10005
10005
10006
10007
10007
10010
10010
10011
10011
10013
10014
10014
10014
10015
10015
10016
10016
10017
10018
10018
10018
10018
10021
10023
10023
10025
10027
10028
10028
10030
10031
10031
10031
10033
10033
10034
10036
10036
10040
10040
10042
10042
10043
10043
10044
10046
10047
10048
10048
10048
10051
10052
10054
10054
10055
10056
10057
10058
10059
10061
10061
10064
10064
10066
10067
10068
10070
10071
10072
10072
10073
10073
10075
10075
10075
10076
10076
10077
10077
10078
10078
10080
10080
10086
10087
10088
10093
10093
10094
10095
10096
10098
10098
10099
10100
10100
10101
10101
10102
10104
10104
10105
10105
10105
10106
10106
10107
10107
10107
10110
10110
10111
10113
10114
10114
10115
10115
10118
10121
10122
10122
10122
10122
10122
10122
10125
10127
10129
10129
10131
10132
10134
10135
10136
10137
10137
10138
10139
10140
10141
10141
10142
10142
10142
10142
10142
10144
10144
10145
10147
10148
10149
10149
10150
10150
10152
10153
10154
10156
10156
10157
10159
10159
10159
10159
10163
10163
10164
10164
10165
10165
10165
10166
10167
10167
10170
10170
10172
10172
10173
10174
10175
10175
10176
10176
10177
10178
10178
10181
10181
10182
10182
10183
10183
10184
10186
10188
10188
10189
10189
10190
10190
10191
10191
10191
10193
10193
10193
10195
10197
10198
10199
10199
10200
10203
10204
10206
10209
10209
10210
10210
10210
10210
10211
10212
10212
10213
10214
10214
10215
10215
10215
10216
10217
10217
10219
10220
10222
10223
10224
10224
10224
10225
10228
10229
10229
10229
10231
10233
10235
10237
10237
10237
10237
10238
10239
10239
10241
10244
10244
10244
10246
10247
10248
10248
10248
10249
10249
10249
10250
10251
10252
10253
10254
10254
10256
10258
10258
10259
10259
10260
10260
10260
10262
10262
10265
10265
10265
10267
10267
10269
10270
10271
10271
10272
10273
10274
10276
10277
10278
10278
10280
10280
10280
10280
10281
10283
10284
10285
10287
10288
10290
10291
10294
10295
10295
10297
10297
10299
10299
10299
10299
10299
10299
10301
10302
10303
10303
10308
10308
10309
10312
10313
10314
10316
10317
10317
10318
10320
10322
10323
10323
10323
10324
10324
10327
10328
10329
10329
10330
10330
10330
10331
10332
10332
10332
10332
10333
10335
10335
10335
10336
10337
10337
10341
10341
10342
10343
10344
10345
10345
10348
10351
10352
10353
10355
10356
10359
10359
10360
10360
10360
10362
10362
10362
10363
10364
10365
10365
10367
10367
10367
10368
10368
10369
10369
10374
10376
10379
10379
10382
10382
10382
10382
10384
10386
10388
10388
10391
10391
10394
10396
10396
10398
10398
10399
10400
10400
10401
10405
10406
10407
10409
10409
10409
10410
10411
10414
10414
10416
10417
10418
10418
10419
10420
10420
10425
10425
10426
10427
10427
10428
10430
10430
10432
10433
10433
10434
10435
10436
10437
10437
10441
10442
10444
10445
10445
10446
10447
10447
10448
10448
10449
10450
10453
10454
10454
10455
10456
10458
10460
10462
10463
10464
10464
10465
10467
10468
10468
10469
10470
10472
10472
10473
10474
10475
10479
10479
10480
10482
10482
10487
10487
10487
10490
10490
10491
10492
10494
10494
10497
10499
10499
10500
10501
10502
10503
10505
10505
10506
10506
10506
10508
10511
10512
10513
10514
10515
10515
10515
10516
10516
10517
10517
10522
10523
10523
10524
10525
10526
10531
10531
10532
10533
10533
10535
10538
10539
10540
10540
10541
10541
10542
10543
10544
10545
10546
10547
10547
10553
10553
10555
10557
10560
10562
10562
10565
10565
10567
10567
10568
10569
10569
10570
10574
10575
10577
10577
10578
10580
10581
10583
10583
10584
10585
10585
10585
10585
10586
10586
10588
10589
10595
10596
10597
10598
10599
10600
10601
10601
10602
10602
10606
10607
10607
10607
10609
10610
10610
10611
10613
10614
10615
10617
10617
10618
10619
10620
10620
10621
10623
10623
10623
10624
10624
10625
10628
10628
10629
10631
10634
10636
10638
10641
10641
10645
10645
10647
10647
10649
10649
10651
10653
10654
10655
10656
10656
10656
10657
10660
10661
10662
10663
10665
10667
10667
10667
10669
10670
10670
10674
10674
10677
10677
10678
10678
10679
10679
10679
10681
10684
10686
10689
10690
10692
10693
10693
10695
10696
10696
10697
10698
10698
10698
10699
10699
10702
10702
10703
10705
10706
10707
10708
10710
10712
10712
10716
10718
10719
10720
10721
10721
10722
10723
10723
10724
10726
10726
10727
10727
10727
10727
10730
10730
10732
10732
10733
10734
10735
10736
10736
10737
10740
10741
10741
10745
10750
10751
10753
10754
10754
10757
10758
10759
10761
10763
10764
10766
10766
10768
10769
10770
10770
10770
10771
10775
10775
10777
10778
10779
10779
10783
10785
10787
10789
10791
10792
10792
10794
10794
10795
10796
10799
10799
10800
10801
10802
10802
10803
10804
10804
10804
10805
10805
10807
10808
10808
10811
10812
10815
10821
10821
10823
10826
10827
10828
10828
10831
10831
10832
10832
10833
10833
10835
10836
10839
10842
10844
10844
10845
10846
10846
10848
10850
10854
10859
10860
10862
10864
10864
10865
10867
10868
10871
10876
10878
10878
10880
10880
10881
10881
10883
10884
10884
10885
10890
10891
10891
10892
10893
10895
10896
10897
10897
10898
10899
10903
10904
10904
10905
10906
10908
10910
10914
10915
10917
10917
10918
10918
10918
10919
10919
10920
10921
10923
10926
10926
10927
10928
10928
10929
10932
10932
10935
10938
10939
10939
10946
10947
10949
10953
10954
10955
10958
10959
10959
10959
10960
10963
10971
10974
10977
10979
10979
10981
10984
10985
10987
10987
10987
10987
10988
10989
10991
10993
10998
10998
10999
10999
11002
11007
11007
11007
11008
11008
11009
11013
11015
11015
11016
11017
11017
11019
11019
11020
11021
11021
11027
11028
11029
11031
11032
11034
11035
11037
11048
11048
11052
11052
11053
11057
11059
11061
11061
11062
11064
11065
11065
11066
11068
11068
11069
11069
11069
11070
11072
11075
11081
11083
11093
11093
11094
11095
11096
11097
11099
11101
11107
11111
11111
11114
11118
11119
11120
11123
11123
11124
11128
11129
11129
11132
11132
11134
11134
11134
11137
11137
11142
11149
11150
11152
11152
11152
11153
11154
11155
11160
11160
11161
11163
11163
11164
11166
11166
11169
11170
11171
11171
11171
11174
11175
11179
11180
11181
11183
11184
11185
11185
11189
11189
11189
11190
11190
11191
11199
11199
11201
11203
11205
11209
11209
11210
11212
11212
11217
11225
11229
11231
11231
11231
11232
11234
11237
11239
11241
11251
11253
11253
11260
11261
11262
11263
11263
11266
11269
11271
11272
11276
11276
11279
11282
11283
11283
11284
11284
11286
11286
11287
11288
11288
11289
11289
11292
11294
11298
11299
11305
11310
11313
11313
11321
11321
11321
11322
11322
11324
11328
11330
11336
11336
11340
11340
11342
11343
11348
11349
11350
11351
11353
11355
11362
11363
11366
11368
11368
11369
11370
11370
11370
11371
11375
11376
11377
11377
11379
11380
11381
11387
11388
11390
11391
11391
11392
11393
11395
11397
11397
11401
11401
11402
11406
11409
11414
11415
11417
11419
11421
11427
11428
11431
11432
11433
11436
11436
11438
11439
11441
11443
11444
11444
11445
11447
11450
11451
11452
11454
11455
11457
11458
11462
11463
11467
11467
11472
11476
11476
11479
11482
11482
11484
11484
11484
11485
11489
11498
11504
11505
11505
11506
11507
11508
11509
11509
11510
11511
11515
11516
11516
11518
11521
11527
11527
11528
11532
11534
11536
11538
11540
11540
11541
11544
11545
11547
11550
11552
11554
11558
11559
11559
11559
11561
11566
11571
11571
11572
11575
11575
11576
11577
11579
11580
11581
11582
11583
11585
11591
11592
11594
11599
11603
11605
11609
11613
11613
11614
11621
11621
11626
11627
11630
11633
11634
11635
11637
11644
11645
11646
11646
11647
11649
11654
11655
11659
11660
11662
11663
11665
11669
11669
11673
11676
11677
11680
11680
11685
11685
11686
11691
11692
11693
11693
11697
11698
11699
11702
11702
11703
11703
11704
11709
11711
11716
11717
11718
11719
11720
11720
11721
11722
11722
11723
11724
11732
11733
11736
11736
11742
11746
11747
11751
11755
11760
11766
11770
11770
11771
11772
11773
11778
11781
11781
11786
11787
11789
11789
11797
11806
11807
11810
11811
11811
11814
11815
11816
11816
11816
11819
11824
11826
11829
11830
11832
11832
11838
11839
11845
11845
11852
11862
11863
11870
11870
11874
11878
11879
11879
11880
11880
11881
11887
11890
11891
11892
11895
11898
11900
11901
11903
11904
11907
11909
11911
11912
11914
11918
11919
11921
11926
11928
11933
11934
11941
11942
11943
11953
11958
11959
11964
11964
11966
11973
11974
11975
11975
11975
11991
11995
11997
12007
12016
12018
12018
12024
12025
12029
12035
12035
12037
12040
12042
12046
12047
12051
12058
12059
12062
12067
12070
12071
12077
12078
12079
12082
12082
12092
12094
12095
12097
12097
12099
12105
12105
12105
12111
12114
12116
12117
12119
12120
12122
12122
12126
12134
12135
12137
12137
12140
12141
12150
12160
12164
12164
12171
12172
12182
12187
12197
12201
12202
12209
12210
12210
12220
12228
12231
12231
12233
12238
12242
12245
12247
12247
12249
12251
12258
12260
12264
12264
12269
12269
12271
12278
12282
12283
12288
12288
12295
12300
12304
12310
12321
12327
12329
12332
12334
12337
12340
12341
12344
12346
12348
12355
12357
12358
12360
12369
12370
12373
12375
12377
12378
12379
12379
12381
12382
12386
12391
12393
12396
12403
12413
12414
12420
12423
12427
12427
12428
12430
12434
12435
12438
12441
12442
12444
12446
12452
12457
12458
12461
12463
12465
12466
12473
12473
12474
12477
12478
12482
12491
12497
12497
12499
12499
12507
12507
12508
12511
12515
12516
12519
12519
12521
12525
12527
12527
12528
12534
12538
12538
12540
12540
12543
12545
12548
12548
12548
12549
12550
12552
12553
12558
12562
12565
12569
12577
12590
12591
12599
12601
12603
12609
12618
12635
12646
12649
12651
12651
12652
12659
12662
12662
12667
12669
12671
12675
12678
12690
12695
12698
12701
12708
12708
12709
12713
12714
12716
12718
12719
12720
12721
12722
12728
12732
12738
12743
12749
12750
12755
12764
12766
12789
12790
12791
12794
12796
12816
12822
12827
12828
12830
12831
12833
12837
12841
12845
12847
12849
12854
12857
12872
12877
12882
12883
12887
12890
12902
12904
12904
12911
12918
12928
12932
12936
12939
12942
12943
12950
12952
12954
12958
12960
12961
12977
12994
12996
13000
13009
13021
13025
13027
13031
13031
13034
13034
13039
13041
13043
13048
13063
13066
13068
13070
13070
13071
13071
13077
13083
13090
13101
13101
13108
13123
13126
13128
13129
13130
13131
13131
13135
13136
13137
13141
13145
13155
13158
13160
13160
13164
13167
13169
13171
13179
13179
13182
13184
13187
13201
13202
13202
13214
13215
13216
13229
13251
13255
13258
13267
13269
13296
13306
13313
13320
13327
13334
13337
13363
13368
13371
13375
13375
13377
13385
13392
13395
13398
13400
13408
13409
13418
13418
13435
13447
13455
13458
13472
13472
13476
13479
13495
13496
13496
13504
13521
13524
13550
13560
13560
13574
13583
13604
13612
13612
13622
13622
13628
13631
13648
13653
13654
13659
13662
13686
13699
13730
13732
13735
13743
13755
13763
13765
13776
13786
13791
13814
13840
13845
13846
13855
13857
13894
13927
13932
13949
13950
13970
13972
13993
14013
14025
14028
14032
14033
14037
14050
14056
14076
14081
14086
14087
14090
14111
14112
14124
14129
14140
14148
14153
14160
14202
14206
14227
14228
14251
14259
14294
14307
14334
14339
14343
14344
14348
14377
14379
14417
14423
14447
14471
14513
14527
14566
14569
14620
14653
14683
14693
14700
14712
14742
14744
14746
14749
14775
14785
14789
14793
14805
14807
14939
14953
14978
14983
14986
14992
15007
15026
15048
15056
15101
15101
15175
15326
15344
15367
15376
15381
15395
15406
15414
15453
15467
15473
15646
15649
15719
15737
15809
15816
15818
15917
16083
16106
16203
16283
16426
16666
16969
