      Tig     Reads    Length         Area  Memory GB  Partition    Data GB
--------- --------- --------- ------------  ---------  ---------  ---------
        1     11718   2767828  32433408504      2.640          1      0.052
        2       649    216334    140400766      0.206          2      0.004
        3        43     28873      1241539      0.028          2      0.004
        4         7     14748       103236      0.014          2      0.004
        5       137     40052      5487124      0.038          2      0.004
        6        16     15021       240336      0.014          2      0.004
        7         9     16051       144459      0.015          2      0.004
        8        29     24850       720650      0.024          2      0.004
        9        18     16486       296748      0.016          2      0.004
       10         1      4050         4050      0.004          2      0.004
       11         1      1637         1637      0.002          2      0.004
       12         1      7293         7293      0.007          2      0.004
       13         1      4938         4938      0.005          2      0.004
       14         1      2538         2538      0.002          2      0.004
       15         1      2924         2924      0.003          2      0.004
       16         1      8813         8813      0.008          2      0.004
       17         1      9136         9136      0.009          2      0.004
       18         1      5013         5013      0.005          2      0.004
       19         1     11153        11153      0.011          2      0.004
       20         1      4311         4311      0.004          2      0.004
       21         1      3346         3346      0.003          2      0.004
       22         1      2211         2211      0.002          2      0.004
       23         1      7399         7399      0.007          2      0.004
       24         1      8008         8008      0.008          2      0.004
       25         1      7241         7241      0.007          2      0.004
       26         1      8454         8454      0.008          2      0.004
       27         1      2770         2770      0.003          2      0.004
       28         1      7528         7528      0.007          2      0.004
       29         1      1463         1463      0.001          2      0.004
       30         1      7913         7913      0.008          2      0.004
       31         1      1020         1020      0.001          2      0.004
       32         1      8929         8929      0.009          2      0.004
       33         1      7436         7436      0.007          2      0.004
       34         1      1844         1844      0.002          2      0.004
       35         1      7635         7635      0.007          2      0.004
       36         1      9252         9252      0.009          2      0.004
       37         1      1081         1081      0.001          2      0.004
       38         1      1851         1851      0.002          2      0.004
       39         1      2230         2230      0.002          2      0.004
       40         1      3139         3139      0.003          2      0.004
       41         1      1087         1087      0.001          2      0.004
       42         1      6279         6279      0.006          2      0.004
