1002
1008
1011
1013
1016
1018
1024
1027
1029
1030
1043
1047
1050
1058
1059
1061
1061
1071
1075
1080
1082
1087
1087
1089
1091
1099
1103
1108
1109
1113
1131
1135
1136
1138
1138
1143
1152
1158
1160
1166
1170
1172
1177
1178
1183
1184
1189
1191
1201
1207
1218
1218
1225
1226
1228
1228
1232
1237
1245
1248
1249
1254
1256
1259
1262
1262
1264
1267
1268
1268
1270
1272
1278
1290
1298
1300
1300
1301
1306
1312
1312
1314
1315
1316
1322
1323
1327
1339
1341
1342
1348
1352
1352
1358
1368
1371
1380
1381
1389
1390
1392
1399
1401
1402
1409
1412
1413
1416
1420
1430
1434
1441
1457
1460
1466
1483
1487
1495
1498
1499
1509
1515
1550
1551
1557
1559
1560
1561
1581
1583
1594
1638
1645
1645
1649
1650
1685
1692
1696
1713
1715
1747
1752
1775
1777
1779
1780
1784
1786
1789
1792
1806
1811
1817
1826
1844
1858
1862
1878
1888
1893
1901
1917
1920
1921
1922
1929
1943
1943
1947
1949
1967
1971
1972
1973
1978
1982
1994
2005
2006
2009
2023
2030
2040
2062
2072
2079
2083
2085
2089
2089
2096
2105
2108
2139
2143
2147
2152
2164
2165
2176
2176
2179
2183
2191
2196
2196
2196
2200
2210
2212
2230
2238
2240
2243
2247
2272
2283
2300
2306
2313
2321
2324
2330
2341
2344
2352
2356
2368
2380
2385
2390
2390
2392
2409
2441
2459
2474
2487
2488
2507
2508
2515
2515
2530
2530
2543
2546
2552
2559
2567
2572
2594
2596
2623
2640
2645
2655
2656
2661
2692
2702
2703
2733
2740
2740
2750
2757
2768
2769
2773
2786
2797
2800
2805
2806
2826
2827
2830
2859
2865
2866
2875
2882
2882
2886
2888
2889
2901
2904
2909
2932
2937
2938
2942
2947
2963
2966
2975
2982
3001
3001
3004
3006
3011
3013
3028
3032
3035
3037
3044
3054
3059
3073
3099
3108
3112
3123
3124
3132
3135
3139
3141
3144
3157
3174
3190
3197
3208
3211
3216
3238
3247
3247
3249
3254
3262
3274
3309
3311
3316
3316
3341
3351
3377
3385
3385
3389
3389
3390
3397
3406
3409
3410
3419
3422
3425
3471
3478
3478
3495
3501
3508
3518
3525
3527
3532
3542
3551
3556
3561
3568
3595
3600
3603
3613
3626
3629
3636
3644
3645
3652
3652
3656
3658
3660
3667
3679
3698
3704
3708
3727
3728
3731
3732
3733
3742
3749
3762
3763
3764
3769
3775
3801
3815
3815
3842
3842
3844
3847
3848
3848
3850
3863
3865
3877
3904
3913
3939
3963
3966
3971
3977
3978
3985
3985
3986
4006
4008
4011
4016
4017
4023
4035
4037
4038
4038
4051
4063
4068
4078
4078
4089
4100
4106
4106
4107
4108
4116
4155
4162
4167
4184
4186
4195
4202
4217
4224
4233
4234
4239
4242
4247
4248
4250
4263
4275
4282
4291
4298
4302
4307
4307
4314
4323
4324
4332
4347
4361
4364
4375
4379
4385
4388
4389
4398
4406
4408
4417
4420
4431
4438
4444
4445
4446
4450
4450
4451
4452
4458
4488
4488
4491
4494
4500
4501
4501
4504
4520
4523
4527
4528
4531
4533
4534
4536
4540
4540
4545
4546
4557
4558
4564
4570
4571
4571
4575
4578
4587
4595
4600
4602
4602
4602
4609
4609
4616
4629
4632
4642
4649
4666
4671
4671
4673
4677
4677
4681
4686
4686
4691
4693
4700
4702
4702
4705
4706
4709
4709
4713
4713
4717
4721
4723
4732
4732
4736
4739
4759
4769
4771
4773
4773
4779
4780
4782
4786
4787
4787
4802
4809
4810
4820
4829
4830
4836
4840
4853
4853
4857
4862
4862
4866
4868
4874
4879
4888
4893
4894
4895
4906
4909
4917
4921
4921
4924
4926
4926
4927
4930
4930
4932
4934
4935
4938
4947
4950
4952
4960
4963
4970
4973
4976
4981
4987
4987
4988
4999
5001
5010
5012
5016
5016
5017
5017
5023
5023
5043
5048
5059
5066
5089
5090
5093
5098
5099
5100
5109
5109
5118
5121
5138
5138
5145
5145
5157
5162
5165
5170
5171
5172
5173
5178
5179
5180
5182
5182
5185
5187
5192
5195
5195
5196
5196
5202
5202
5214
5229
5235
5236
5236
5246
5256
5271
5282
5296
5304
5309
5318
5320
5322
5325
5327
5328
5329
5330
5335
5337
5338
5340
5344
5347
5348
5359
5360
5363
5380
5384
5385
5385
5391
5399
5399
5400
5401
5403
5408
5420
5424
5429
5429
5433
5438
5440
5449
5449
5449
5450
5452
5455
5460
5463
5464
5465
5468
5476
5477
5494
5498
5498
5509
5512
5516
5517
5520
5520
5523
5524
5529
5536
5536
5538
5539
5541
5547
5547
5548
5555
5557
5560
5561
5561
5571
5584
5584
5585
5589
5591
5594
5595
5597
5598
5607
5609
5624
5625
5626
5629
5639
5645
5646
5649
5652
5654
5658
5659
5661
5661
5663
5670
5673
5676
5681
5684
5690
5702
5704
5706
5708
5713
5715
5718
5719
5721
5727
5731
5731
5732
5735
5736
5743
5743
5746
5747
5753
5755
5760
5762
5762
5771
5775
5779
5785
5789
5789
5792
5793
5797
5798
5798
5799
5805
5805
5806
5807
5808
5809
5813
5822
5822
5822
5822
5824
5829
5831
5831
5831
5831
5832
5834
5838
5846
5851
5857
5857
5858
5871
5871
5873
5875
5879
5880
5883
5887
5888
5891
5893
5896
5896
5897
5899
5899
5900
5901
5901
5909
5910
5911
5913
5915
5919
5920
5921
5921
5924
5927
5929
5930
5930
5930
5931
5933
5933
5935
5939
5943
5944
5946
5954
5956
5958
5959
5962
5963
5965
5968
5975
5976
5977
5977
5979
5979
5980
5981
5986
5986
5990
5992
5994
6002
6002
6004
6004
6004
6007
6009
6018
6019
6023
6024
6027
6030
6034
6036
6036
6038
6038
6040
6041
6043
6044
6045
6046
6046
6049
6050
6051
6052
6052
6053
6059
6063
6064
6066
6072
6077
6102
6103
6105
6105
6106
6109
6109
6111
6112
6115
6116
6117
6118
6119
6120
6123
6124
6126
6128
6134
6134
6135
6136
6139
6142
6144
6152
6155
6161
6163
6165
6167
6178
6180
6181
6187
6187
6190
6195
6196
6200
6200
6202
6208
6211
6212
6215
6216
6219
6220
6222
6224
6232
6238
6244
6245
6246
6246
6248
6254
6255
6257
6257
6260
6262
6263
6265
6266
6268
6268
6273
6274
6280
6284
6285
6286
6287
6287
6289
6290
6293
6296
6296
6297
6297
6310
6313
6313
6314
6317
6318
6320
6320
6332
6333
6333
6333
6336
6342
6342
6344
6344
6347
6349
6354
6356
6358
6359
6360
6361
6368
6370
6371
6372
6374
6375
6376
6377
6386
6388
6397
6400
6401
6404
6405
6408
6415
6417
6418
6418
6418
6420
6420
6421
6422
6423
6423
6424
6428
6429
6429
6430
6432
6432
6435
6436
6436
6441
6442
6442
6442
6443
6443
6445
6446
6448
6448
6451
6452
6453
6454
6454
6457
6458
6460
6460
6462
6464
6464
6466
6469
6469
6470
6472
6477
6477
6478
6480
6482
6484
6485
6485
6488
6488
6489
6493
6495
6495
6495
6496
6498
6498
6499
6500
6501
6501
6503
6503
6504
6507
6508
6510
6513
6513
6514
6517
6517
6517
6518
6520
6525
6528
6528
6528
6528
6532
6533
6533
6535
6536
6536
6538
6539
6540
6544
6545
6546
6546
6547
6549
6551
6551
6552
6552
6552
6554
6556
6557
6557
6557
6557
6558
6562
6562
6562
6562
6564
6566
6568
6568
6570
6571
6573
6574
6574
6575
6575
6576
6576
6576
6577
6578
6579
6579
6580
6583
6583
6584
6584
6586
6588
6589
6589
6590
6590
6592
6592
6593
6596
6597
6597
6598
6599
6601
6602
6602
6602
6604
6607
6608
6609
6610
6612
6613
6613
6614
6615
6615
6615
6618
6619
6619
6621
6623
6624
6625
6625
6625
6626
6627
6628
6631
6631
6632
6632
6632
6633
6634
6635
6635
6635
6636
6637
6637
6639
6639
6640
6641
6641
6641
6642
6642
6642
6643
6643
6643
6643
6645
6647
6649
6652
6653
6653
6654
6655
6656
6656
6656
6657
6658
6660
6660
6660
6663
6664
6665
6666
6666
6667
6667
6669
6669
6670
6671
6671
6671
6673
6673
6674
6674
6674
6675
6676
6676
6677
6677
6677
6677
6678
6678
6678
6679
6679
6680
6681
6682
6683
6684
6684
6685
6687
6687
6687
6687
6687
6689
6690
6690
6690
6691
6691
6693
6693
6694
6694
6696
6696
6697
6697
6699
6700
6703
6704
6705
6705
6705
6705
6707
6707
6708
6708
6709
6710
6710
6710
6712
6713
6713
6717
6718
6719
6719
6719
6726
6726
6727
6728
6728
6729
6729
6730
6730
6733
6734
6739
6740
6741
6741
6743
6743
6744
6744
6745
6745
6745
6746
6746
6746
6746
6746
6746
6747
6749
6749
6750
6750
6751
6752
6752
6752
6752
6753
6753
6753
6754
6755
6756
6756
6756
6756
6756
6759
6760
6761
6761
6762
6763
6764
6764
6764
6765
6766
6767
6768
6768
6768
6769
6769
6769
6770
6770
6772
6772
6772
6772
6772
6773
6775
6775
6775
6776
6776
6777
6778
6778
6779
6779
6779
6779
6780
6780
6781
6781
6782
6782
6783
6783
6785
6786
6786
6787
6788
6790
6790
6792
6793
6794
6794
6795
6795
6796
6797
6797
6797
6798
6799
6799
6801
6801
6802
6802
6803
6804
6804
6806
6807
6807
6808
6809
6810
6810
6811
6812
6812
6813
6813
6813
6815
6815
6816
6816
6816
6816
6817
6819
6820
6820
6821
6824
6824
6825
6825
6825
6825
6826
6827
6827
6827
6827
6828
6828
6829
6829
6830
6830
6831
6831
6832
6832
6832
6832
6833
6833
6835
6835
6835
6836
6836
6836
6837
6837
6837
6837
6838
6840
6842
6842
6842
6843
6843
6843
6843
6844
6844
6844
6844
6844
6845
6846
6846
6847
6847
6848
6849
6850
6850
6850
6850
6851
6851
6851
6852
6853
6853
6854
6854
6855
6855
6856
6858
6858
6859
6859
6860
6860
6860
6861
6862
6862
6862
6863
6863
6863
6864
6866
6866
6866
6867
6867
6868
6868
6870
6870
6870
6870
6871
6871
6871
6872
6873
6873
6874
6875
6876
6877
6877
6877
6877
6878
6879
6879
6879
6879
6881
6881
6884
6884
6884
6885
6885
6885
6886
6886
6886
6886
6887
6887
6890
6890
6892
6892
6893
6894
6894
6895
6895
6895
6895
6896
6896
6897
6898
6898
6898
6898
6899
6900
6900
6900
6901
6901
6903
6904
6904
6904
6904
6905
6906
6906
6906
6906
6906
6907
6907
6907
6908
6908
6908
6908
6909
6910
6910
6910
6911
6911
6913
6913
6913
6914
6915
6915
6916
6916
6917
6917
6919
6919
6919
6919
6920
6920
6920
6920
6921
6922
6923
6923
6923
6923
6924
6924
6925
6926
6926
6927
6928
6928
6929
6929
6929
6930
6930
6930
6931
6931
6931
6931
6931
6932
6933
6933
6934
6934
6935
6935
6935
6936
6936
6936
6937
6937
6937
6939
6940
6940
6941
6942
6943
6945
6945
6945
6946
6946
6946
6946
6948
6948
6948
6948
6949
6950
6950
6951
6951
6952
6952
6952
6952
6953
6953
6953
6956
6956
6956
6958
6958
6958
6958
6959
6960
6960
6960
6961
6962
6963
6963
6963
6964
6964
6964
6965
6965
6965
6965
6965
6966
6967
6968
6968
6968
6968
6968
6969
6969
6970
6970
6970
6971
6971
6971
6971
6971
6971
6971
6972
6973
6973
6974
6974
6975
6975
6976
6976
6976
6976
6977
6978
6978
6979
6980
6981
6981
6981
6981
6982
6982
6982
6983
6983
6984
6984
6985
6986
6986
6986
6986
6987
6987
6987
6988
6988
6988
6988
6988
6989
6989
6989
6989
6990
6990
6990
6990
6990
6990
6991
6991
6991
6991
6992
6992
6993
6993
6993
6993
6994
6994
6995
6995
6995
6995
6995
6995
6996
6996
6996
6996
6996
6996
6996
6996
6997
6997
6997
6997
6997
6998
6998
6998
7000
7001
7001
7001
7001
7001
7001
7002
7002
7002
7003
7003
7003
7003
7004
7004
7005
7006
7006
7006
7006
7007
7007
7007
7008
7008
7008
7008
7009
7009
7009
7009
7010
7011
7011
7012
7012
7012
7012
7012
7013
7014
7014
7014
7014
7014
7015
7015
7015
7015
7016
7016
7016
7016
7017
7017
7017
7018
7018
7018
7018
7018
7019
7019
7019
7019
7019
7019
7020
7020
7020
7021
7021
7022
7022
7022
7022
7022
7022
7022
7022
7022
7023
7023
7024
7024
7024
7024
7027
7027
7027
7027
7028
7028
7028
7029
7029
7029
7029
7030
7030
7030
7030
7031
7032
7032
7032
7032
7032
7032
7032
7033
7033
7033
7033
7033
7034
7034
7034
7034
7035
7035
7035
7035
7036
7036
7036
7037
7038
7038
7038
7038
7039
7039
7039
7040
7040
7040
7041
7041
7041
7041
7041
7042
7042
7043
7043
7043
7043
7043
7043
7044
7044
7044
7044
7044
7044
7044
7045
7045
7045
7046
7046
7046
7047
7047
7047
7049
7049
7049
7050
7050
7050
7050
7050
7050
7051
7052
7052
7053
7053
7053
7054
7054
7054
7054
7055
7055
7056
7056
7056
7056
7056
7056
7057
7057
7057
7057
7058
7058
7058
7058
7058
7058
7059
7059
7059
7060
7060
7060
7060
7060
7061
7061
7061
7061
7062
7062
7062
7064
7064
7065
7065
7065
7065
7066
7066
7066
7066
7066
7067
7067
7068
7068
7068
7068
7069
7069
7070
7070
7071
7071
7071
7071
7071
7071
7072
7072
7072
7072
7072
7073
7073
7074
7074
7074
7075
7075
7075
7075
7075
7077
7077
7077
7077
7077
7077
7077
7078
7078
7078
7078
7078
7078
7078
7078
7078
7079
7079
7079
7081
7081
7082
7082
7082
7082
7082
7083
7083
7084
7084
7084
7084
7084
7084
7084
7085
7085
7085
7086
7087
7087
7087
7088
7088
7088
7088
7088
7088
7089
7089
7089
7089
7090
7090
7090
7090
7091
7091
7091
7091
7091
7091
7091
7092
7092
7092
7092
7093
7093
7094
7094
7095
7095
7095
7096
7096
7096
7096
7096
7096
7096
7097
7097
7098
7098
7098
7098
7098
7099
7099
7099
7099
7099
7099
7100
7100
7100
7100
7100
7100
7101
7102
7102
7103
7103
7104
7104
7104
7104
7104
7104
7105
7105
7106
7106
7106
7106
7106
7106
7107
7107
7107
7107
7108
7108
7108
7108
7109
7109
7109
7110
7110
7110
7110
7110
7110
7111
7112
7112
7112
7113
7113
7113
7113
7114
7114
7114
7114
7115
7115
7115
7115
7115
7116
7116
7116
7116
7116
7116
7116
7116
7117
7117
7117
7117
7117
7117
7117
7117
7118
7118
7118
7118
7118
7118
7118
7119
7119
7119
7119
7120
7120
7120
7120
7121
7121
7121
7121
7122
7122
7122
7122
7123
7123
7123
7123
7123
7123
7123
7123
7123
7124
7124
7124
7125
7125
7125
7125
7126
7126
7126
7126
7127
7127
7127
7127
7128
7128
7128
7128
7129
7129
7130
7130
7131
7131
7132
7132
7132
7132
7133
7133
7133
7134
7134
7134
7134
7134
7134
7135
7136
7136
7136
7136
7136
7137
7137
7137
7137
7137
7137
7137
7137
7138
7138
7138
7138
7138
7138
7139
7139
7139
7139
7139
7139
7140
7140
7140
7140
7141
7141
7142
7142
7142
7142
7142
7143
7143
7144
7144
7145
7145
7145
7145
7145
7145
7145
7145
7146
7146
7146
7146
7146
7147
7147
7147
7147
7147
7147
7148
7148
7148
7148
7148
7149
7149
7149
7149
7149
7149
7149
7149
7149
7150
7150
7150
7151
7151
7151
7151
7151
7152
7153
7153
7153
7153
7153
7153
7153
7154
7154
7154
7154
7154
7154
7154
7154
7154
7154
7155
7155
7155
7155
7155
7155
7156
7157
7157
7157
7157
7157
7158
7158
7158
7158
7158
7159
7159
7159
7159
7160
7160
7160
7160
7160
7160
7160
7161
7161
7161
7161
7161
7161
7162
7162
7162
7162
7162
7162
7162
7162
7162
7162
7163
7163
7163
7163
7164
7164
7164
7165
7165
7165
7165
7166
7166
7166
7166
7166
7166
7166
7166
7167
7167
7167
7167
7167
7169
7169
7169
7169
7170
7170
7171
7171
7171
7171
7171
7171
7171
7172
7172
7172
7172
7173
7173
7173
7173
7173
7174
7174
7175
7175
7175
7176
7176
7176
7176
7176
7177
7177
7177
7178
7178
7178
7178
7179
7179
7179
7180
7180
7180
7180
7181
7181
7181
7181
7182
7182
7182
7182
7183
7183
7183
7183
7183
7183
7183
7184
7184
7184
7184
7184
7184
7185
7185
7186
7186
7186
7186
7186
7187
7187
7188
7188
7188
7188
7188
7188
7188
7189
7189
7189
7189
7190
7190
7190
7190
7191
7191
7191
7191
7191
7192
7192
7193
7193
7193
7193
7194
7194
7194
7194
7194
7195
7195
7195
7196
7196
7196
7196
7197
7197
7197
7197
7197
7197
7197
7198
7198
7198
7198
7198
7198
7198
7198
7199
7199
7199
7199
7199
7199
7200
7200
7200
7200
7200
7200
7201
7201
7201
7201
7201
7201
7202
7202
7202
7202
7202
7203
7203
7203
7203
7203
7204
7204
7205
7205
7205
7206
7206
7207
7207
7207
7207
7207
7208
7208
7208
7209
7209
7210
7210
7210
7211
7211
7211
7211
7212
7212
7212
7212
7212
7212
7213
7213
7213
7214
7214
7214
7214
7214
7214
7215
7215
7215
7215
7216
7216
7216
7216
7216
7216
7217
7217
7217
7217
7218
7218
7218
7218
7219
7219
7219
7220
7220
7220
7220
7220
7221
7221
7221
7221
7221
7222
7222
7222
7222
7223
7223
7223
7223
7223
7223
7224
7224
7224
7224
7224
7225
7225
7225
7225
7225
7225
7225
7226
7227
7227
7227
7227
7227
7228
7228
7228
7228
7229
7229
7229
7229
7229
7229
7229
7230
7230
7230
7231
7231
7231
7231
7231
7231
7232
7232
7232
7232
7232
7232
7232
7232
7233
7233
7233
7233
7234
7234
7234
7234
7234
7235
7235
7235
7235
7235
7235
7235
7235
7235
7236
7236
7237
7237
7237
7237
7237
7237
7237
7238
7238
7238
7239
7239
7239
7239
7239
7239
7240
7240
7240
7240
7240
7241
7241
7242
7242
7242
7242
7242
7243
7243
7244
7244
7244
7244
7244
7244
7245
7245
7245
7245
7245
7245
7246
7246
7246
7246
7246
7247
7247
7247
7247
7247
7247
7248
7248
7248
7248
7248
7248
7249
7249
7250
7250
7250
7250
7251
7251
7251
7251
7251
7251
7251
7252
7252
7253
7253
7253
7253
7254
7255
7255
7255
7255
7256
7256
7256
7256
7257
7257
7258
7258
7259
7259
7259
7259
7259
7259
7260
7260
7260
7260
7260
7261
7261
7261
7261
7261
7262
7262
7262
7263
7263
7264
7264
7264
7265
7265
7265
7265
7265
7265
7265
7265
7265
7265
7265
7266
7266
7266
7266
7266
7267
7267
7267
7268
7268
7268
7268
7269
7269
7269
7269
7269
7269
7270
7270
7270
7270
7270
7271
7271
7271
7271
7271
7272
7272
7272
7272
7273
7273
7273
7274
7274
7274
7275
7275
7275
7276
7276
7277
7277
7277
7278
7278
7278
7278
7278
7279
7279
7279
7280
7280
7280
7280
7281
7281
7281
7282
7282
7282
7282
7283
7283
7283
7283
7284
7284
7284
7284
7284
7284
7285
7285
7285
7285
7285
7286
7286
7286
7286
7287
7287
7287
7287
7287
7288
7288
7288
7288
7289
7290
7290
7290
7290
7290
7290
7292
7292
7292
7292
7292
7292
7292
7292
7292
7293
7293
7294
7294
7294
7294
7294
7294
7294
7294
7294
7295
7295
7295
7295
7295
7295
7295
7296
7296
7296
7296
7296
7296
7296
7297
7297
7297
7297
7298
7298
7298
7299
7300
7300
7300
7300
7301
7301
7301
7301
7301
7301
7301
7302
7302
7302
7303
7303
7303
7303
7303
7303
7303
7303
7304
7304
7304
7304
7304
7304
7305
7305
7305
7306
7306
7306
7306
7306
7307
7307
7307
7307
7307
7307
7307
7308
7309
7309
7309
7309
7309
7309
7309
7309
7310
7310
7311
7311
7311
7311
7311
7311
7311
7312
7312
7312
7312
7312
7312
7313
7313
7313
7313
7313
7314
7314
7314
7314
7315
7315
7315
7315
7315
7315
7315
7316
7316
7316
7316
7317
7317
7318
7318
7318
7318
7318
7318
7319
7319
7319
7319
7319
7320
7320
7320
7320
7321
7321
7321
7321
7322
7322
7322
7322
7322
7322
7323
7323
7323
7323
7324
7324
7324
7324
7325
7325
7325
7326
7326
7326
7326
7327
7327
7327
7327
7327
7327
7327
7328
7328
7328
7328
7328
7328
7329
7329
7329
7329
7329
7329
7330
7330
7330
7330
7330
7331
7331
7332
7332
7332
7332
7332
7332
7333
7333
7333
7333
7333
7333
7333
7334
7334
7334
7334
7335
7335
7335
7335
7335
7336
7336
7337
7337
7337
7338
7338
7338
7338
7338
7339
7339
7339
7339
7340
7340
7340
7340
7340
7340
7340
7340
7340
7340
7341
7341
7341
7341
7341
7342
7342
7343
7343
7343
7343
7343
7343
7343
7344
7344
7344
7344
7344
7345
7345
7345
7345
7345
7345
7345
7346
7346
7346
7346
7346
7346
7346
7346
7347
7347
7347
7347
7347
7348
7348
7348
7349
7349
7349
7349
7349
7349
7349
7349
7349
7350
7350
7350
7350
7350
7351
7351
7351
7351
7352
7352
7352
7353
7353
7353
7354
7354
7354
7354
7355
7355
7356
7356
7356
7357
7357
7357
7357
7359
7359
7359
7360
7360
7360
7360
7360
7361
7361
7361
7361
7361
7361
7361
7361
7361
7361
7361
7361
7361
7361
7362
7362
7362
7362
7362
7363
7363
7364
7364
7364
7365
7365
7365
7365
7366
7366
7366
7366
7366
7367
7367
7367
7367
7367
7367
7367
7367
7368
7368
7368
7368
7368
7369
7369
7369
7369
7370
7370
7370
7371
7371
7371
7372
7372
7372
7372
7372
7372
7372
7372
7372
7373
7373
7373
7373
7373
7374
7374
7374
7374
7374
7374
7374
7375
7375
7375
7375
7375
7375
7375
7376
7376
7377
7377
7377
7377
7378
7378
7378
7378
7378
7378
7378
7378
7378
7378
7378
7379
7379
7379
7379
7379
7380
7380
7380
7380
7380
7381
7381
7381
7381
7381
7381
7381
7381
7381
7382
7382
7382
7382
7383
7383
7383
7383
7383
7383
7384
7384
7384
7384
7385
7385
7385
7385
7386
7386
7386
7386
7386
7386
7387
7387
7387
7387
7387
7388
7388
7389
7389
7389
7390
7390
7390
7390
7390
7391
7391
7391
7391
7391
7391
7391
7391
7392
7392
7392
7392
7392
7392
7393
7393
7393
7394
7394
7394
7394
7395
7395
7395
7396
7396
7396
7396
7397
7397
7397
7397
7398
7398
7398
7398
7398
7398
7398
7398
7399
7399
7399
7399
7399
7400
7400
7400
7400
7401
7401
7401
7401
7401
7402
7402
7402
7402
7403
7403
7403
7403
7403
7403
7403
7403
7404
7404
7405
7405
7406
7406
7406
7406
7407
7407
7407
7407
7407
7407
7408
7408
7408
7408
7408
7408
7408
7408
7408
7408
7408
7409
7409
7409
7409
7410
7410
7410
7411
7412
7412
7412
7412
7412
7413
7413
7414
7414
7414
7414
7414
7415
7415
7415
7415
7415
7416
7417
7417
7417
7418
7418
7418
7418
7418
7418
7419
7419
7419
7419
7419
7419
7419
7420
7420
7420
7421
7421
7422
7422
7422
7422
7422
7422
7423
7423
7423
7423
7423
7423
7423
7423
7424
7424
7425
7425
7425
7426
7426
7426
7426
7426
7426
7427
7427
7427
7427
7427
7427
7428
7428
7428
7429
7429
7429
7429
7430
7430
7430
7430
7431
7431
7431
7431
7431
7431
7431
7432
7432
7432
7432
7433
7433
7433
7433
7433
7433
7433
7434
7434
7434
7435
7435
7436
7436
7436
7437
7437
7437
7437
7437
7437
7438
7438
7438
7438
7438
7438
7438
7439
7439
7439
7439
7440
7440
7440
7440
7440
7440
7440
7441
7441
7441
7442
7442
7442
7442
7442
7443
7443
7443
7443
7443
7443
7444
7444
7444
7444
7445
7446
7446
7446
7446
7447
7448
7448
7448
7448
7449
7449
7449
7450
7450
7450
7450
7450
7451
7451
7451
7451
7451
7451
7452
7452
7452
7452
7453
7453
7453
7453
7454
7454
7454
7454
7455
7455
7455
7456
7456
7456
7456
7456
7456
7456
7457
7457
7457
7457
7457
7457
7457
7458
7458
7458
7458
7458
7458
7459
7459
7459
7460
7460
7461
7461
7461
7462
7462
7462
7462
7462
7462
7462
7462
7463
7463
7463
7463
7463
7464
7464
7465
7465
7465
7465
7465
7465
7466
7466
7466
7466
7466
7466
7467
7467
7468
7468
7468
7468
7469
7469
7469
7470
7470
7471
7471
7471
7471
7472
7472
7473
7473
7473
7473
7473
7474
7474
7474
7475
7476
7476
7476
7476
7477
7478
7478
7478
7478
7478
7478
7479
7480
7480
7480
7481
7481
7481
7482
7482
7482
7482
7483
7483
7483
7483
7483
7485
7485
7485
7485
7486
7486
7486
7486
7487
7487
7487
7488
7488
7488
7489
7489
7489
7490
7490
7490
7490
7490
7490
7490
7491
7491
7491
7491
7491
7491
7491
7491
7492
7492
7492
7493
7493
7494
7494
7494
7494
7494
7495
7496
7496
7497
7497
7497
7497
7497
7498
7498
7498
7498
7498
7498
7499
7499
7499
7499
7499
7499
7499
7500
7500
7500
7500
7501
7501
7501
7502
7502
7502
7503
7504
7504
7504
7505
7505
7505
7505
7505
7505
7505
7506
7506
7506
7506
7506
7506
7508
7508
7508
7508
7508
7508
7508
7509
7509
7509
7509
7509
7509
7509
7509
7510
7510
7510
7510
7510
7510
7510
7510
7511
7511
7511
7511
7512
7512
7513
7513
7513
7513
7513
7514
7514
7514
7514
7514
7514
7514
7514
7514
7515
7515
7515
7515
7515
7516
7516
7516
7516
7517
7517
7517
7517
7517
7518
7518
7518
7518
7518
7518
7519
7519
7519
7519
7519
7520
7520
7520
7521
7521
7521
7521
7522
7522
7522
7522
7522
7523
7524
7524
7524
7524
7524
7524
7524
7524
7525
7525
7525
7526
7526
7526
7526
7526
7527
7527
7527
7527
7527
7527
7527
7528
7528
7528
7528
7528
7529
7529
7529
7530
7530
7531
7531
7531
7531
7531
7532
7533
7533
7533
7534
7534
7534
7534
7534
7535
7535
7536
7536
7536
7537
7537
7537
7537
7538
7538
7538
7538
7538
7538
7538
7538
7539
7539
7539
7539
7540
7540
7540
7541
7541
7541
7541
7542
7542
7542
7542
7543
7543
7543
7544
7544
7544
7545
7545
7545
7545
7546
7546
7547
7547
7548
7549
7549
7550
7550
7551
7551
7552
7552
7552
7552
7552
7553
7553
7553
7553
7553
7553
7553
7554
7554
7554
7555
7555
7555
7555
7555
7555
7555
7556
7557
7557
7557
7557
7557
7557
7558
7558
7558
7558
7558
7559
7559
7559
7560
7560
7560
7560
7560
7560
7560
7561
7561
7561
7561
7561
7561
7562
7562
7562
7563
7563
7563
7563
7563
7563
7564
7564
7564
7564
7565
7565
7566
7566
7567
7567
7568
7568
7568
7568
7568
7568
7568
7568
7569
7569
7570
7570
7571
7571
7571
7572
7572
7572
7572
7572
7573
7573
7573
7573
7573
7573
7574
7575
7575
7575
7575
7575
7575
7576
7576
7576
7576
7576
7576
7577
7577
7577
7577
7577
7578
7578
7578
7578
7578
7578
7578
7578
7579
7579
7579
7579
7580
7580
7581
7581
7582
7582
7582
7582
7582
7582
7583
7583
7583
7583
7584
7584
7584
7585
7585
7586
7586
7586
7586
7586
7587
7588
7588
7589
7589
7590
7590
7590
7590
7590
7590
7590
7591
7591
7592
7592
7592
7592
7593
7593
7593
7593
7593
7593
7594
7594
7594
7594
7595
7596
7596
7596
7596
7596
7597
7597
7597
7598
7598
7598
7598
7598
7599
7599
7599
7599
7600
7600
7600
7600
7601
7601
7601
7601
7602
7602
7603
7603
7603
7604
7604
7605
7605
7605
7606
7606
7607
7607
7607
7607
7607
7607
7608
7608
7608
7609
7609
7609
7609
7609
7609
7609
7609
7610
7610
7610
7610
7611
7611
7611
7612
7612
7613
7614
7614
7614
7614
7614
7615
7615
7615
7615
7615
7615
7615
7616
7616
7616
7616
7617
7617
7617
7617
7617
7617
7618
7619
7619
7619
7620
7620
7620
7621
7622
7623
7623
7623
7623
7624
7624
7624
7625
7625
7625
7625
7625
7626
7626
7626
7627
7627
7627
7628
7628
7628
7628
7628
7628
7629
7630
7630
7630
7630
7630
7631
7631
7631
7631
7632
7632
7632
7633
7633
7633
7634
7635
7635
7635
7635
7635
7635
7635
7636
7637
7637
7638
7638
7639
7639
7639
7640
7640
7640
7640
7640
7640
7640
7641
7641
7641
7641
7641
7641
7642
7642
7643
7643
7643
7644
7644
7644
7644
7644
7644
7644
7644
7644
7644
7645
7645
7645
7645
7645
7645
7645
7645
7645
7645
7645
7646
7646
7646
7646
7647
7647
7647
7648
7648
7648
7648
7648
7648
7648
7649
7649
7649
7649
7649
7650
7650
7650
7650
7650
7650
7650
7650
7650
7651
7651
7651
7651
7651
7651
7652
7652
7652
7652
7653
7653
7653
7653
7653
7654
7654
7654
7654
7654
7655
7655
7655
7655
7655
7656
7656
7657
7657
7657
7658
7658
7658
7658
7659
7659
7659
7660
7660
7660
7660
7660
7660
7661
7661
7661
7661
7662
7662
7663
7663
7664
7664
7664
7664
7664
7664
7665
7665
7666
7666
7666
7666
7667
7668
7668
7668
7668
7669
7669
7669
7670
7670
7670
7670
7670
7671
7671
7671
7671
7672
7672
7672
7672
7672
7673
7673
7673
7673
7673
7673
7674
7674
7674
7674
7674
7675
7675
7675
7675
7675
7676
7676
7676
7676
7676
7676
7677
7678
7678
7678
7678
7679
7679
7679
7679
7680
7680
7681
7681
7681
7681
7682
7682
7682
7682
7682
7682
7683
7683
7684
7684
7685
7685
7685
7685
7685
7686
7686
7686
7686
7687
7687
7687
7687
7688
7688
7688
7688
7689
7689
7689
7689
7689
7690
7690
7690
7690
7690
7690
7691
7691
7691
7691
7692
7692
7692
7692
7692
7693
7693
7693
7693
7694
7694
7694
7694
7695
7695
7695
7695
7696
7696
7696
7696
7697
7697
7697
7697
7697
7697
7698
7698
7698
7699
7699
7699
7699
7700
7701
7701
7701
7701
7701
7702
7702
7702
7703
7703
7703
7703
7703
7703
7703
7704
7704
7704
7705
7705
7705
7705
7706
7706
7706
7706
7706
7706
7707
7707
7707
7707
7707
7708
7709
7710
7710
7711
7711
7711
7712
7712
7712
7712
7712
7713
7713
7713
7713
7713
7714
7714
7714
7715
7715
7715
7715
7716
7716
7716
7716
7716
7716
7717
7717
7718
7718
7718
7718
7719
7719
7720
7721
7721
7721
7721
7721
7721
7721
7721
7721
7722
7722
7722
7722
7723
7723
7723
7723
7723
7724
7724
7724
7724
7724
7725
7725
7725
7725
7726
7726
7726
7726
7727
7727
7728
7728
7728
7729
7729
7729
7730
7730
7731
7731
7731
7731
7731
7732
7732
7732
7732
7733
7733
7733
7734
7734
7734
7735
7735
7735
7735
7736
7736
7736
7737
7737
7737
7737
7737
7737
7738
7738
7738
7738
7738
7739
7739
7739
7739
7739
7740
7740
7740
7740
7740
7740
7741
7741
7742
7742
7742
7743
7743
7743
7743
7743
7745
7745
7745
7745
7745
7745
7746
7746
7746
7746
7747
7747
7747
7747
7747
7748
7748
7748
7749
7749
7749
7749
7749
7749
7749
7750
7750
7750
7751
7752
7752
7752
7753
7753
7753
7753
7753
7753
7753
7754
7754
7754
7754
7754
7755
7755
7755
7755
7755
7756
7756
7756
7756
7756
7757
7757
7758
7758
7758
7758
7758
7759
7759
7760
7760
7761
7762
7762
7762
7762
7763
7764
7764
7764
7765
7765
7766
7766
7766
7766
7767
7767
7767
7767
7767
7767
7767
7768
7768
7768
7768
7768
7768
7768
7770
7770
7770
7770
7770
7770
7771
7771
7771
7771
7772
7772
7773
7773
7773
7774
7774
7775
7775
7776
7776
7776
7777
7777
7777
7778
7778
7779
7779
7780
7780
7780
7780
7780
7781
7781
7781
7782
7782
7783
7783
7783
7783
7784
7784
7785
7785
7785
7786
7786
7786
7786
7786
7786
7786
7786
7787
7787
7789
7789
7789
7790
7790
7790
7790
7790
7790
7791
7791
7791
7791
7791
7792
7792
7792
7792
7792
7792
7792
7793
7793
7794
7794
7794
7795
7795
7795
7795
7796
7796
7796
7797
7797
7797
7797
7797
7798
7798
7798
7798
7799
7799
7799
7800
7800
7800
7800
7800
7800
7801
7801
7801
7801
7801
7802
7802
7802
7802
7802
7802
7803
7803
7805
7805
7805
7805
7805
7806
7807
7807
7807
7807
7807
7808
7808
7808
7808
7808
7809
7809
7809
7809
7810
7810
7810
7811
7811
7811
7811
7812
7812
7812
7812
7812
7812
7813
7813
7813
7814
7814
7815
7815
7816
7816
7816
7817
7817
7818
7818
7818
7819
7819
7819
7820
7820
7820
7820
7820
7820
7821
7821
7821
7821
7821
7821
7822
7822
7822
7822
7822
7822
7822
7823
7823
7823
7823
7824
7824
7824
7824
7824
7824
7824
7826
7826
7827
7828
7828
7828
7828
7828
7829
7829
7829
7829
7830
7831
7831
7832
7832
7832
7832
7833
7833
7833
7833
7835
7835
7835
7836
7836
7836
7837
7838
7839
7839
7839
7839
7840
7840
7840
7840
7841
7841
7841
7842
7842
7842
7842
7842
7844
7844
7844
7845
7845
7845
7846
7846
7846
7847
7848
7848
7848
7848
7848
7848
7848
7849
7849
7849
7849
7849
7849
7849
7850
7850
7851
7851
7851
7851
7851
7852
7852
7852
7853
7853
7854
7854
7854
7854
7854
7856
7856
7856
7856
7857
7857
7857
7858
7858
7858
7858
7859
7859
7859
7859
7859
7859
7859
7860
7861
7861
7861
7861
7861
7861
7861
7862
7862
7862
7862
7863
7863
7863
7863
7864
7864
7864
7864
7864
7865
7866
7866
7867
7867
7867
7867
7868
7868
7868
7868
7868
7869
7869
7869
7869
7869
7870
7870
7870
7870
7871
7871
7872
7872
7872
7872
7873
7873
7873
7873
7873
7874
7874
7874
7874
7875
7875
7876
7876
7876
7876
7876
7877
7877
7877
7878
7878
7878
7879
7879
7880
7880
7880
7881
7882
7882
7882
7882
7883
7883
7883
7884
7884
7884
7884
7884
7885
7886
7886
7886
7886
7887
7887
7887
7888
7888
7888
7888
7888
7888
7888
7888
7889
7889
7889
7889
7890
7891
7891
7891
7891
7891
7892
7892
7892
7892
7893
7893
7893
7894
7894
7895
7895
7895
7895
7895
7895
7895
7896
7896
7896
7896
7897
7897
7897
7897
7897
7897
7898
7898
7898
7899
7899
7899
7899
7899
7899
7899
7899
7900
7900
7900
7900
7900
7901
7902
7902
7903
7903
7903
7903
7904
7904
7905
7905
7906
7906
7906
7906
7907
7907
7908
7908
7908
7909
7909
7909
7909
7909
7909
7910
7910
7910
7910
7910
7911
7911
7911
7911
7912
7912
7912
7912
7912
7913
7913
7913
7913
7914
7914
7914
7915
7915
7915
7916
7917
7917
7917
7917
7918
7918
7918
7919
7919
7919
7919
7920
7920
7920
7921
7921
7921
7922
7922
7922
7922
7922
7923
7923
7923
7923
7923
7923
7923
7924
7924
7924
7925
7925
7925
7926
7926
7926
7926
7926
7926
7926
7927
7927
7928
7929
7929
7930
7930
7931
7931
7931
7931
7931
7931
7932
7932
7932
7932
7932
7933
7934
7934
7934
7934
7935
7935
7935
7935
7936
7936
7936
7936
7937
7937
7938
7940
7941
7941
7942
7942
7942
7943
7943
7943
7943
7944
7945
7945
7945
7945
7945
7946
7946
7946
7946
7947
7948
7949
7949
7949
7950
7950
7950
7951
7951
7951
7951
7952
7952
7952
7952
7953
7954
7954
7954
7954
7954
7954
7955
7956
7956
7956
7956
7957
7957
7957
7957
7957
7958
7958
7958
7958
7959
7959
7960
7962
7962
7962
7962
7963
7963
7963
7963
7964
7964
7964
7964
7965
7965
7965
7966
7966
7966
7966
7966
7967
7967
7967
7967
7968
7968
7968
7968
7968
7968
7968
7968
7969
7969
7969
7969
7969
7969
7969
7970
7970
7970
7970
7970
7970
7970
7970
7971
7971
7971
7971
7971
7972
7972
7972
7972
7972
7972
7972
7972
7973
7974
7974
7974
7974
7974
7974
7974
7974
7974
7974
7974
7975
7975
7975
7975
7976
7976
7977
7977
7977
7978
7978
7978
7978
7978
7978
7979
7979
7979
7979
7979
7980
7980
7980
7981
7981
7981
7981
7981
7981
7982
7982
7982
7983
7983
7983
7983
7984
7984
7984
7984
7985
7985
7985
7985
7985
7986
7986
7986
7986
7986
7986
7987
7988
7988
7988
7989
7989
7989
7990
7990
7990
7991
7991
7991
7991
7991
7992
7992
7993
7993
7993
7993
7993
7994
7994
7994
7994
7995
7995
7995
7996
7996
7996
7997
7997
7998
7998
7998
7998
7999
7999
7999
8000
8000
8000
8000
8000
8000
8000
8001
8001
8001
8001
8002
8002
8002
8002
8003
8003
8003
8004
8004
8004
8004
8004
8004
8005
8005
8005
8006
8006
8008
8008
8008
8009
8009
8009
8010
8010
8011
8011
8011
8012
8012
8012
8012
8013
8013
8013
8013
8013
8013
8014
8014
8014
8014
8014
8015
8015
8016
8016
8016
8017
8017
8017
8018
8018
8019
8019
8019
8020
8020
8020
8020
8021
8021
8021
8021
8021
8021
8021
8022
8022
8022
8022
8022
8023
8023
8023
8024
8024
8024
8025
8025
8025
8025
8026
8026
8026
8026
8026
8026
8026
8026
8027
8027
8027
8028
8028
8028
8028
8028
8028
8029
8029
8030
8030
8031
8031
8031
8032
8032
8032
8033
8033
8033
8033
8033
8034
8034
8034
8034
8035
8035
8036
8036
8037
8037
8038
8038
8038
8038
8038
8038
8039
8039
8040
8040
8040
8041
8041
8042
8042
8042
8042
8042
8043
8043
8043
8043
8044
8044
8044
8044
8045
8045
8045
8046
8046
8046
8046
8047
8047
8048
8048
8048
8050
8050
8050
8050
8051
8051
8051
8052
8052
8052
8052
8052
8053
8053
8054
8054
8054
8054
8054
8054
8055
8055
8056
8056
8056
8056
8056
8056
8056
8056
8057
8057
8057
8058
8058
8058
8058
8058
8060
8060
8060
8060
8061
8061
8061
8061
8061
8062
8062
8062
8062
8063
8063
8063
8063
8064
8064
8064
8064
8064
8064
8064
8065
8066
8066
8066
8066
8066
8066
8066
8067
8067
8067
8067
8068
8069
8069
8070
8070
8070
8070
8071
8071
8071
8071
8072
8072
8072
8072
8072
8073
8073
8073
8074
8074
8074
8074
8074
8075
8075
8076
8077
8077
8077
8077
8077
8077
8078
8079
8079
8079
8079
8079
8079
8080
8080
8081
8081
8081
8082
8082
8082
8083
8084
8084
8084
8084
8085
8085
8085
8086
8087
8087
8087
8087
8088
8088
8090
8090
8091
8091
8091
8091
8092
8092
8092
8092
8093
8094
8095
8095
8095
8095
8096
8096
8097
8097
8097
8098
8098
8099
8099
8099
8099
8099
8100
8100
8101
8101
8102
8102
8102
8102
8102
8102
8103
8103
8103
8103
8104
8106
8106
8106
8107
8107
8107
8107
8107
8107
8108
8108
8108
8109
8109
8110
8110
8110
8110
8111
8111
8111
8112
8112
8112
8112
8112
8112
8113
8113
8113
8113
8114
8114
8115
8115
8115
8115
8115
8115
8116
8116
8116
8116
8117
8117
8117
8118
8118
8118
8118
8119
8119
8120
8120
8121
8121
8121
8122
8123
8123
8123
8124
8124
8125
8125
8125
8125
8125
8125
8125
8126
8126
8126
8126
8127
8128
8128
8128
8128
8129
8130
8130
8130
8131
8131
8131
8132
8132
8132
8132
8133
8133
8134
8134
8134
8134
8135
8135
8135
8135
8135
8136
8136
8136
8137
8137
8138
8138
8138
8139
8139
8139
8141
8141
8141
8141
8141
8142
8142
8142
8143
8143
8143
8143
8144
8145
8145
8145
8145
8146
8146
8146
8146
8147
8147
8147
8148
8148
8148
8149
8149
8149
8149
8149
8150
8150
8151
8152
8152
8152
8152
8152
8152
8153
8153
8154
8154
8154
8154
8155
8156
8156
8156
8156
8156
8156
8157
8157
8157
8157
8158
8158
8158
8158
8158
8159
8159
8159
8159
8159
8160
8161
8161
8161
8161
8161
8161
8162
8162
8163
8163
8164
8164
8164
8164
8164
8165
8165
8166
8167
8167
8167
8167
8169
8169
8169
8169
8169
8169
8170
8170
8170
8170
8171
8171
8172
8172
8172
8172
8173
8173
8174
8174
8174
8175
8176
8177
8177
8177
8178
8178
8178
8178
8178
8179
8179
8180
8181
8181
8181
8182
8182
8182
8182
8182
8182
8183
8183
8183
8183
8184
8184
8185
8186
8186
8187
8187
8187
8188
8188
8189
8189
8189
8189
8191
8192
8192
8192
8192
8192
8193
8194
8194
8195
8196
8196
8197
8197
8197
8197
8197
8198
8198
8199
8199
8199
8199
8200
8200
8200
8200
8201
8201
8201
8202
8202
8202
8202
8203
8203
8203
8203
8203
8204
8204
8204
8205
8205
8205
8206
8206
8206
8206
8206
8207
8207
8207
8208
8208
8208
8208
8208
8209
8209
8209
8210
8210
8210
8211
8212
8212
8212
8212
8212
8212
8213
8213
8214
8214
8215
8215
8216
8216
8216
8217
8217
8217
8218
8218
8219
8219
8219
8220
8220
8221
8221
8222
8222
8223
8223
8223
8223
8224
8224
8224
8225
8225
8225
8226
8226
8226
8226
8227
8227
8227
8227
8229
8229
8229
8229
8229
8230
8230
8230
8230
8230
8230
8231
8231
8231
8231
8231
8231
8232
8232
8233
8233
8233
8233
8233
8234
8234
8234
8235
8236
8236
8236
8237
8237
8237
8238
8239
8239
8239
8239
8239
8239
8240
8240
8241
8241
8241
8241
8241
8242
8243
8243
8243
8243
8244
8244
8244
8244
8245
8245
8245
8246
8246
8247
8247
8247
8247
8248
8248
8248
8249
8249
8249
8249
8249
8249
8250
8250
8250
8250
8251
8251
8251
8251
8253
8253
8253
8253
8253
8253
8254
8254
8254
8254
8254
8255
8255
8255
8255
8256
8256
8256
8256
8256
8257
8257
8257
8257
8258
8258
8258
8259
8260
8260
8261
8262
8262
8262
8262
8263
8263
8263
8264
8264
8264
8264
8264
8264
8264
8264
8265
8265
8265
8266
8266
8266
8266
8267
8267
8267
8267
8267
8267
8268
8268
8268
8268
8268
8269
8270
8270
8270
8271
8271
8271
8271
8271
8271
8272
8272
8272
8272
8273
8273
8273
8273
8274
8274
8274
8275
8275
8276
8276
8277
8278
8278
8278
8278
8278
8279
8279
8279
8280
8280
8281
8281
8281
8282
8283
8284
8284
8284
8284
8284
8285
8286
8286
8287
8287
8287
8287
8288
8288
8289
8289
8289
8289
8290
8290
8290
8290
8290
8291
8291
8291
8292
8292
8292
8292
8292
8292
8293
8293
8293
8293
8293
8294
8294
8294
8294
8295
8295
8295
8296
8296
8297
8297
8297
8298
8298
8298
8298
8298
8299
8299
8299
8299
8300
8301
8301
8301
8302
8302
8302
8302
8303
8303
8303
8303
8303
8304
8305
8305
8305
8305
8305
8305
8306
8306
8306
8307
8307
8307
8309
8309
8309
8309
8309
8310
8310
8311
8311
8312
8312
8312
8312
8313
8313
8313
8314
8314
8314
8314
8314
8315
8316
8316
8316
8316
8317
8317
8317
8318
8318
8318
8318
8318
8319
8319
8319
8319
8319
8320
8320
8320
8320
8320
8320
8321
8321
8321
8321
8321
8321
8321
8321
8322
8322
8322
8322
8322
8322
8322
8323
8323
8323
8323
8323
8323
8323
8324
8324
8325
8326
8326
8327
8327
8328
8328
8328
8329
8329
8331
8331
8331
8331
8331
8332
8332
8333
8333
8333
8335
8335
8335
8336
8336
8336
8336
8336
8337
8337
8337
8337
8337
8337
8338
8338
8339
8339
8339
8339
8339
8340
8340
8341
8342
8342
8343
8343
8343
8343
8343
8344
8344
8345
8345
8345
8345
8346
8346
8346
8347
8347
8348
8348
8348
8348
8349
8349
8349
8350
8350
8350
8351
8351
8353
8353
8353
8353
8354
8354
8354
8354
8355
8355
8355
8356
8357
8357
8357
8358
8358
8358
8359
8359
8360
8361
8361
8361
8361
8362
8362
8363
8363
8363
8364
8364
8364
8364
8367
8367
8367
8367
8368
8369
8369
8370
8370
8371
8371
8371
8372
8372
8372
8372
8372
8372
8373
8373
8373
8374
8374
8375
8376
8376
8376
8376
8377
8377
8378
8378
8378
8378
8378
8378
8379
8379
8379
8380
8380
8380
8381
8381
8381
8382
8382
8382
8383
8383
8384
8384
8384
8386
8386
8387
8387
8388
8388
8389
8389
8389
8389
8390
8390
8390
8390
8390
8391
8392
8393
8393
8393
8393
8393
8394
8394
8394
8395
8395
8395
8395
8395
8395
8396
8396
8396
8396
8396
8397
8398
8398
8398
8398
8398
8399
8400
8400
8400
8400
8401
8401
8401
8401
8402
8402
8402
8402
8403
8403
8404
8405
8405
8405
8406
8406
8406
8407
8407
8408
8408
8409
8409
8409
8410
8410
8410
8411
8411
8411
8411
8411
8411
8412
8413
8413
8414
8415
8415
8416
8417
8417
8417
8417
8418
8418
8418
8419
8419
8419
8419
8419
8420
8420
8420
8420
8420
8421
8422
8422
8422
8422
8423
8423
8424
8424
8424
8424
8425
8425
8425
8425
8426
8426
8426
8426
8426
8427
8428
8428
8429
8429
8429
8429
8429
8429
8430
8431
8431
8432
8432
8432
8432
8432
8433
8433
8433
8433
8433
8434
8434
8434
8434
8434
8435
8435
8436
8437
8437
8437
8437
8437
8438
8438
8438
8439
8440
8441
8441
8441
8441
8441
8441
8441
8442
8442
8443
8443
8443
8443
8444
8444
8444
8444
8445
8445
8445
8446
8446
8446
8446
8446
8447
8447
8447
8448
8448
8448
8449
8449
8449
8450
8450
8451
8452
8453
8453
8453
8453
8453
8453
8453
8454
8454
8455
8455
8455
8455
8456
8456
8457
8457
8458
8458
8458
8458
8459
8459
8460
8460
8460
8461
8461
8461
8461
8461
8461
8462
8462
8462
8462
8463
8464
8464
8465
8465
8465
8465
8465
8466
8466
8466
8466
8466
8467
8467
8467
8468
8469
8469
8470
8471
8471
8472
8472
8473
8473
8473
8473
8474
8474
8474
8474
8476
8476
8476
8476
8477
8477
8478
8479
8479
8479
8479
8480
8480
8480
8481
8481
8481
8481
8481
8481
8482
8482
8483
8483
8483
8484
8484
8484
8484
8485
8486
8486
8489
8489
8490
8490
8490
8490
8490
8491
8491
8491
8491
8492
8492
8492
8492
8493
8493
8493
8494
8495
8496
8497
8497
8498
8499
8499
8500
8500
8502
8503
8503
8503
8503
8503
8504
8505
8505
8505
8505
8506
8507
8507
8507
8508
8508
8508
8508
8509
8510
8510
8510
8511
8511
8511
8511
8511
8513
8513
8513
8514
8514
8514
8514
8515
8515
8515
8516
8516
8516
8516
8517
8517
8517
8518
8518
8519
8519
8519
8520
8520
8521
8521
8522
8522
8522
8523
8523
8523
8524
8524
8525
8525
8525
8526
8526
8526
8527
8527
8527
8527
8528
8528
8528
8528
8528
8529
8529
8529
8529
8529
8530
8531
8531
8531
8533
8533
8533
8534
8535
8535
8535
8535
8535
8535
8535
8536
8536
8537
8538
8538
8538
8539
8539
8539
8540
8540
8540
8540
8541
8541
8542
8542
8542
8542
8542
8543
8543
8545
8545
8545
8546
8546
8547
8547
8547
8547
8548
8548
8549
8549
8549
8550
8550
8551
8551
8552
8552
8552
8553
8553
8553
8554
8555
8555
8555
8557
8557
8557
8558
8558
8558
8559
8560
8560
8560
8560
8560
8561
8561
8561
8561
8562
8562
8562
8562
8563
8563
8564
8564
8564
8564
8564
8565
8565
8565
8566
8566
8568
8568
8568
8569
8569
8572
8572
8572
8572
8572
8573
8573
8573
8574
8574
8574
8575
8576
8576
8576
8577
8577
8577
8577
8578
8578
8579
8580
8580
8580
8581
8584
8584
8585
8586
8586
8586
8587
8588
8588
8588
8588
8589
8589
8590
8590
8590
8590
8590
8590
8592
8592
8593
8593
8593
8594
8594
8594
8594
8594
8595
8595
8596
8597
8597
8597
8597
8598
8598
8599
8600
8600
8600
8601
8601
8602
8602
8602
8602
8603
8603
8603
8603
8604
8604
8604
8604
8605
8605
8606
8606
8606
8606
8607
8607
8607
8608
8609
8609
8609
8609
8609
8609
8610
8610
8610
8610
8611
8611
8611
8612
8614
8614
8614
8615
8615
8616
8616
8616
8617
8617
8618
8618
8618
8620
8620
8620
8620
8621
8621
8621
8622
8622
8623
8623
8623
8623
8623
8624
8624
8624
8625
8625
8626
8626
8627
8627
8627
8627
8627
8627
8627
8628
8629
8629
8629
8629
8629
8629
8630
8630
8632
8632
8632
8632
8633
8633
8633
8633
8633
8633
8633
8634
8634
8635
8635
8635
8635
8635
8635
8637
8637
8637
8638
8639
8639
8639
8640
8640
8640
8640
8641
8641
8641
8642
8642
8643
8643
8643
8643
8643
8644
8644
8644
8645
8645
8645
8645
8646
8646
8647
8647
8648
8648
8648
8649
8649
8649
8650
8651
8651
8652
8652
8652
8654
8654
8654
8655
8655
8655
8656
8656
8657
8657
8658
8658
8660
8660
8660
8660
8661
8661
8661
8661
8662
8662
8663
8664
8665
8665
8666
8666
8666
8666
8667
8667
8667
8668
8668
8668
8669
8670
8670
8670
8670
8670
8670
8671
8671
8672
8672
8672
8673
8673
8673
8674
8674
8674
8675
8675
8676
8676
8676
8676
8676
8676
8677
8677
8677
8678
8679
8679
8680
8680
8681
8682
8682
8682
8683
8683
8684
8685
8685
8685
8685
8686
8686
8686
8687
8687
8687
8689
8689
8689
8690
8690
8690
8691
8691
8692
8692
8692
8692
8692
8692
8693
8693
8694
8694
8694
8694
8696
8697
8697
8698
8700
8700
8701
8701
8702
8703
8703
8704
8704
8704
8704
8705
8705
8705
8706
8707
8708
8708
8709
8709
8710
8710
8710
8710
8711
8712
8712
8712
8713
8713
8714
8715
8715
8715
8716
8717
8717
8718
8718
8719
8719
8720
8720
8721
8722
8722
8722
8723
8723
8724
8724
8724
8725
8726
8726
8726
8726
8727
8727
8727
8727
8728
8728
8729
8729
8730
8730
8731
8731
8732
8732
8733
8733
8734
8734
8734
8734
8734
8735
8735
8735
8735
8736
8736
8737
8737
8738
8738
8738
8739
8740
8740
8740
8741
8741
8742
8742
8744
8744
8745
8746
8746
8746
8747
8747
8747
8748
8748
8749
8750
8750
8752
8752
8752
8753
8753
8753
8753
8754
8754
8755
8755
8756
8756
8757
8758
8758
8758
8758
8758
8758
8758
8758
8758
8759
8759
8760
8760
8760
8761
8763
8763
8763
8764
8764
8764
8764
8764
8765
8765
8765
8765
8766
8766
8766
8766
8766
8766
8767
8767
8768
8768
8768
8768
8769
8769
8769
8769
8770
8771
8773
8773
8773
8774
8774
8774
8775
8775
8775
8775
8775
8776
8776
8776
8776
8778
8778
8778
8779
8780
8780
8780
8781
8781
8782
8783
8783
8783
8783
8783
8783
8784
8784
8784
8785
8785
8786
8786
8786
8786
8786
8787
8787
8787
8787
8788
8788
8788
8788
8788
8789
8789
8789
8789
8790
8791
8792
8792
8793
8793
8793
8794
8794
8795
8795
8795
8795
8795
8795
8795
8796
8796
8796
8797
8797
8797
8798
8798
8799
8799
8800
8800
8800
8801
8801
8803
8803
8803
8803
8803
8804
8804
8805
8805
8806
8807
8807
8807
8808
8809
8810
8810
8810
8811
8811
8811
8811
8812
8812
8812
8814
8814
8815
8816
8816
8816
8816
8817
8817
8817
8817
8818
8818
8818
8821
8821
8822
8822
8822
8822
8823
8823
8824
8824
8826
8826
8827
8827
8827
8827
8827
8827
8828
8828
8829
8830
8831
8831
8832
8833
8833
8834
8834
8835
8835
8835
8835
8836
8837
8837
8837
8838
8839
8839
8839
8840
8841
8841
8842
8842
8842
8842
8843
8843
8844
8846
8846
8846
8847
8847
8847
8847
8848
8849
8849
8850
8850
8851
8851
8852
8852
8853
8854
8854
8854
8854
8854
8856
8856
8856
8857
8858
8858
8858
8859
8859
8861
8861
8861
8861
8863
8864
8864
8864
8865
8866
8869
8869
8870
8870
8870
8871
8872
8872
8872
8873
8875
8876
8876
8877
8878
8878
8878
8878
8879
8879
8881
8882
8882
8883
8883
8884
8884
8884
8885
8886
8887
8887
8887
8887
8887
8888
8888
8889
8889
8889
8891
8892
8893
8894
8895
8895
8895
8896
8896
8897
8898
8898
8899
8899
8900
8900
8900
8901
8901
8901
8901
8902
8902
8902
8903
8903
8903
8903
8903
8903
8904
8904
8904
8905
8905
8905
8906
8907
8907
8907
8909
8909
8910
8910
8911
8911
8911
8912
8913
8913
8913
8913
8914
8914
8914
8915
8916
8918
8918
8918
8919
8919
8920
8922
8923
8923
8924
8924
8925
8925
8925
8926
8926
8926
8926
8926
8926
8928
8928
8929
8930
8930
8930
8932
8932
8933
8933
8935
8936
8937
8938
8938
8939
8939
8940
8940
8940
8941
8941
8941
8942
8942
8942
8942
8942
8943
8943
8946
8946
8947
8948
8948
8948
8949
8949
8949
8950
8950
8951
8952
8952
8952
8953
8954
8955
8955
8955
8956
8957
8957
8957
8958
8958
8959
8959
8960
8960
8961
8961
8961
8962
8962
8962
8963
8963
8964
8965
8968
8968
8969
8969
8969
8969
8972
8973
8973
8973
8974
8974
8974
8975
8976
8976
8976
8976
8977
8978
8978
8979
8980
8981
8981
8981
8981
8982
8982
8983
8983
8983
8984
8984
8985
8986
8986
8986
8986
8987
8988
8988
8989
8989
8990
8991
8993
8994
8994
8994
8994
8994
8995
8995
8995
8995
8997
8997
8998
8998
8998
8998
8998
8998
8999
8999
8999
8999
8999
9000
9000
9001
9002
9002
9002
9002
9002
9002
9003
9003
9003
9004
9004
9005
9006
9007
9007
9007
9007
9007
9008
9011
9011
9012
9012
9012
9012
9012
9012
9014
9014
9015
9015
9015
9015
9016
9017
9018
9018
9020
9021
9022
9022
9022
9022
9023
9023
9025
9025
9026
9027
9028
9028
9028
9029
9030
9031
9032
9033
9033
9034
9034
9036
9037
9037
9039
9041
9041
9042
9042
9043
9044
9045
9045
9046
9047
9047
9047
9047
9048
9050
9050
9050
9052
9054
9054
9054
9054
9055
9055
9055
9055
9056
9056
9056
9057
9057
9057
9057
9058
9058
9059
9060
9060
9061
9061
9061
9061
9062
9062
9063
9066
9066
9066
9066
9066
9067
9068
9068
9069
9069
9069
9070
9071
9071
9072
9073
9075
9075
9075
9076
9076
9076
9076
9077
9077
9078
9078
9079
9079
9080
9080
9081
9081
9082
9082
9083
9083
9084
9084
9084
9085
9085
9085
9085
9086
9087
9087
9088
9088
9089
9089
9090
9091
9091
9091
9093
9095
9095
9096
9098
9099
9099
9100
9100
9100
9100
9101
9101
9102
9102
9103
9103
9103
9104
9105
9105
9105
9105
9105
9105
9107
9107
9108
9108
9110
9110
9110
9110
9111
9112
9114
9114
9115
9115
9115
9117
9118
9118
9118
9119
9119
9119
9119
9120
9121
9122
9123
9123
9124
9124
9125
9125
9126
9126
9127
9127
9127
9128
9128
9129
9129
9130
9130
9130
9131
9131
9131
9132
9133
9133
9133
9133
9134
9135
9135
9136
9136
9136
9137
9137
9137
9137
9137
9139
9139
9140
9140
9140
9141
9141
9142
9142
9142
9143
9143
9143
9144
9144
9145
9145
9145
9147
9148
9149
9150
9151
9151
9151
9152
9152
9153
9153
9153
9153
9155
9156
9156
9157
9158
9158
9158
9161
9162
9162
9162
9162
9163
9164
9165
9165
9165
9166
9166
9166
9168
9168
9169
9169
9170
9170
9171
9171
9171
9172
9172
9172
9172
9172
9173
9173
9175
9175
9175
9176
9176
9177
9178
9179
9179
9179
9180
9181
9181
9181
9181
9181
9182
9183
9183
9183
9184
9185
9185
9187
9188
9189
9189
9189
9190
9191
9193
9195
9195
9196
9196
9196
9196
9196
9197
9197
9197
9197
9198
9199
9200
9200
9201
9201
9202
9202
9203
9203
9204
9204
9205
9206
9207
9210
9210
9210
9210
9211
9211
9211
9212
9212
9212
9214
9215
9215
9217
9217
9217
9219
9219
9219
9219
9219
9220
9221
9223
9224
9224
9225
9225
9226
9226
9227
9227
9227
9228
9228
9228
9230
9230
9231
9231
9233
9233
9234
9234
9237
9237
9239
9239
9241
9241
9242
9243
9243
9243
9243
9245
9246
9246
9246
9247
9247
9247
9247
9248
9248
9249
9249
9250
9251
9251
9252
9252
9253
9253
9254
9254
9255
9256
9256
9256
9257
9258
9259
9260
9261
9262
9264
9264
9264
9264
9265
9267
9267
9268
9268
9269
9270
9270
9271
9271
9271
9271
9271
9273
9274
9274
9275
9277
9277
9278
9278
9278
9282
9283
9283
9284
9284
9285
9285
9285
9286
9286
9286
9287
9287
9288
9289
9290
9290
9290
9291
9291
9291
9291
9293
9293
9293
9294
9295
9296
9296
9296
9297
9297
9298
9301
9301
9302
9302
9303
9303
9303
9303
9303
9303
9303
9304
9304
9305
9307
9307
9308
9308
9308
9309
9309
9309
9309
9310
9312
9312
9312
9312
9312
9312
9312
9313
9314
9315
9315
9316
9317
9319
9319
9320
9320
9320
9320
9320
9321
9322
9323
9324
9324
9324
9325
9326
9326
9327
9328
9328
9328
9328
9329
9330
9331
9332
9333
9333
9334
9334
9335
9335
9335
9336
9337
9337
9338
9338
9339
9341
9341
9341
9342
9342
9342
9342
9342
9342
9343
9343
9344
9345
9346
9346
9347
9347
9347
9348
9349
9349
9349
9349
9349
9352
9353
9353
9353
9353
9356
9358
9358
9359
9359
9359
9360
9361
9361
9361
9362
9362
9362
9364
9365
9365
9365
9365
9367
9367
9367
9368
9368
9368
9368
9369
9369
9369
9369
9370
9371
9373
9373
9373
9373
9374
9375
9375
9375
9376
9376
9376
9377
9380
9380
9380
9380
9381
9381
9382
9384
9384
9384
9385
9387
9387
9388
9388
9389
9389
9389
9389
9389
9389
9389
9390
9391
9392
9393
9393
9394
9394
9394
9395
9395
9396
9396
9397
9397
9397
9397
9398
9398
9398
9398
9399
9399
9401
9401
9401
9402
9402
9402
9403
9404
9404
9404
9405
9405
9406
9406
9407
9407
9408
9408
9409
9409
9409
9409
9410
9410
9411
9412
9412
9413
9413
9413
9414
9414
9415
9416
9416
9417
9417
9417
9418
9419
9420
9420
9420
9421
9421
9421
9422
9422
9423
9424
9424
9425
9425
9426
9426
9427
9427
9427
9427
9428
9428
9429
9429
9431
9431
9432
9432
9436
9436
9437
9438
9438
9438
9440
9441
9441
9442
9442
9443
9443
9444
9444
9445
9445
9446
9446
9447
9449
9449
9449
9449
9449
9450
9450
9450
9450
9451
9452
9452
9452
9453
9453
9453
9455
9455
9455
9455
9457
9457
9458
9459
9459
9460
9461
9461
9461
9462
9462
9462
9462
9462
9462
9463
9464
9465
9466
9466
9467
9467
9468
9469
9470
9472
9472
9473
9473
9474
9474
9474
9475
9476
9477
9477
9478
9478
9478
9480
9482
9482
9482
9482
9483
9486
9486
9486
9486
9486
9487
9489
9490
9491
9491
9494
9495
9497
9499
9500
9500
9501
9502
9503
9503
9504
9504
9504
9505
9505
9507
9507
9509
9511
9511
9512
9513
9514
9514
9514
9517
9517
9518
9519
9519
9520
9520
9520
9521
9522
9524
9525
9525
9526
9528
9529
9531
9531
9531
9531
9532
9532
9532
9533
9534
9534
9534
9535
9536
9536
9537
9537
9539
9540
9540
9540
9540
9541
9541
9541
9541
9543
9543
9543
9544
9544
9545
9545
9546
9546
9547
9547
9549
9549
9550
9550
9550
9550
9551
9551
9551
9552
9553
9554
9554
9555
9555
9556
9556
9558
9559
9559
9559
9560
9561
9561
9563
9564
9564
9565
9565
9565
9565
9565
9566
9567
9567
9568
9568
9571
9573
9573
9573
9574
9577
9577
9580
9584
9585
9585
9585
9586
9586
9586
9587
9587
9587
9588
9589
9590
9590
9591
9591
9592
9592
9592
9593
9594
9594
9595
9595
9596
9596
9596
9597
9597
9597
9598
9598
9599
9600
9600
9600
9600
9600
9600
9600
9601
9601
9602
9602
9603
9604
9606
9606
9609
9609
9609
9610
9611
9612
9613
9614
9615
9615
9616
9616
9617
9617
9617
9617
9618
9618
9619
9619
9620
9620
9620
9621
9622
9622
9622
9623
9623
9624
9624
9624
9625
9625
9625
9625
9626
9626
9627
9628
9629
9630
9631
9632
9633
9633
9634
9634
9634
9634
9635
9636
9636
9636
9637
9637
9639
9639
9639
9640
9640
9640
9641
9642
9642
9644
9645
9645
9645
9645
9646
9646
9646
9650
9650
9651
9651
9656
9657
9657
9658
9660
9661
9662
9662
9662
9664
9665
9668
9668
9670
9670
9671
9672
9673
9675
9675
9676
9676
9677
9677
9677
9677
9677
9678
9678
9678
9679
9679
9680
9680
9681
9683
9683
9684
9686
9686
9687
9687
9689
9690
9690
9690
9690
9692
9692
9692
9693
9694
9694
9696
9696
9699
9700
9701
9701
9702
9702
9703
9704
9705
9706
9706
9706
9706
9706
9708
9708
9708
9709
9709
9709
9709
9709
9710
9710
9712
9713
9713
9713
9713
9715
9716
9716
9716
9716
9717
9717
9717
9718
9719
9720
9722
9723
9727
9727
9728
9731
9731
9732
9732
9733
9733
9734
9734
9736
9737
9737
9738
9738
9739
9740
9740
9740
9741
9741
9741
9742
9743
9743
9743
9748
9748
9749
9750
9756
9756
9758
9761
9762
9763
9763
9765
9765
9767
9768
9769
9769
9770
9770
9770
9773
9775
9775
9776
9776
9777
9779
9780
9781
9782
9784
9785
9785
9785
9786
9786
9786
9786
9786
9787
9787
9787
9788
9788
9789
9789
9790
9790
9791
9791
9792
9792
9793
9793
9793
9794
9794
9795
9796
9797
9797
9798
9798
9798
9798
9800
9801
9801
9801
9802
9803
9804
9804
9805
9805
9807
9807
9807
9807
9808
9808
9809
9809
9810
9810
9811
9811
9811
9812
9812
9812
9814
9814
9815
9815
9817
9818
9818
9818
9819
9819
9819
9819
9820
9823
9823
9824
9825
9826
9827
9827
9827
9828
9828
9829
9829
9829
9829
9829
9829
9830
9831
9831
9832
9833
9834
9834
9834
9834
9834
9835
9835
9836
9836
9837
9837
9838
9839
9840
9840
9840
9840
9841
9841
9842
9844
9846
9847
9848
9850
9850
9851
9853
9853
9853
9854
9854
9855
9855
9857
9858
9860
9863
9863
9863
9863
9864
9864
9866
9866
9866
9866
9870
9872
9872
9873
9873
9874
9875
9876
9876
9877
9877
9877
9878
9879
9879
9879
9879
9882
9883
9884
9888
9889
9889
9889
9889
9890
9891
9892
9893
9893
9894
9894
9894
9894
9895
9895
9896
9900
9900
9900
9902
9903
9903
9903
9903
9904
9904
9904
9904
9905
9905
9906
9908
9908
9908
9909
9911
9912
9913
9913
9914
9916
9917
9917
9918
9918
9918
9919
9920
9920
9920
9921
9922
9923
9924
9924
9927
9928
9929
9929
9930
9932
9933
9935
9935
9935
9936
9937
9937
9937
9937
9939
9939
9939
9943
9943
9945
9945
9945
9946
9946
9947
9947
9947
9947
9947
9951
9952
9952
9952
9953
9953
9955
9955
9955
9955
9956
9956
9957
9958
9959
9959
9960
9960
9960
9963
9964
9965
9968
9969
9970
9971
9971
9973
9973
9974
9975
9976
9976
9976
9977
9977
9979
9980
9981
9981
9982
9982
9982
9983
9983
9985
9986
9986
9986
9987
9991
9991
9992
9993
9994
9995
9997
9997
9997
9997
9997
9998
9998
9999
9999
9999
10000
10000
10000
10002
10002
10004
10004
10004
10005
10005
10005
10005
10005
10007
10008
10009
10010
10010
10010
10011
10011
10013
10013
10014
10014
10015
10015
10016
10016
10016
10018
10018
10018
10019
10019
10022
10023
10024
10024
10024
10025
10025
10025
10027
10027
10028
10029
10030
10031
10033
10036
10036
10038
10041
10042
10042
10043
10043
10043
10044
10045
10046
10047
10048
10048
10050
10051
10054
10054
10055
10056
10057
10058
10058
10059
10060
10061
10061
10061
10062
10068
10069
10069
10070
10071
10072
10072
10073
10074
10075
10076
10077
10077
10077
10078
10078
10080
10080
10080
10081
10083
10083
10083
10084
10086
10087
10087
10087
10087
10088
10088
10090
10092
10093
10095
10095
10097
10099
10099
10100
10100
10100
10101
10101
10104
10105
10105
10107
10107
10107
10107
10107
10108
10108
10109
10109
10110
10110
10110
10111
10111
10111
10112
10112
10114
10114
10114
10115
10117
10117
10117
10119
10120
10120
10121
10122
10122
10122
10122
10125
10126
10129
10130
10131
10132
10133
10136
10137
10137
10138
10138
10140
10140
10141
10141
10142
10142
10142
10142
10143
10144
10145
10145
10148
10149
10149
10150
10152
10153
10153
10154
10154
10156
10158
10159
10159
10163
10163
10164
10164
10166
10166
10167
10167
10169
10170
10170
10171
10172
10172
10172
10173
10174
10174
10175
10175
10176
10176
10178
10178
10179
10179
10180
10180
10181
10183
10183
10184
10185
10185
10186
10187
10188
10189
10189
10190
10191
10191
10193
10193
10193
10194
10194
10195
10196
10198
10199
10200
10201
10201
10203
10204
10204
10205
10206
10207
10207
10208
10208
10209
10209
10211
10212
10212
10213
10213
10213
10214
10214
10216
10217
10217
10217
10217
10217
10218
10219
10220
10221
10222
10224
10224
10225
10228
10228
10230
10231
10232
10233
10234
10235
10236
10237
10237
10237
10237
10238
10239
10239
10239
10239
10242
10242
10244
10244
10246
10246
10247
10248
10248
10248
10249
10251
10252
10256
10256
10257
10258
10259
10259
10260
10261
10262
10263
10264
10264
10265
10265
10265
10266
10266
10267
10267
10269
10272
10273
10273
10273
10273
10276
10277
10278
10278
10278
10278
10281
10281
10283
10283
10285
10286
10287
10288
10289
10290
10292
10293
10294
10295
10297
10297
10299
10299
10299
10299
10301
10301
10302
10302
10304
10305
10305
10307
10308
10310
10310
10313
10314
10315
10315
10317
10317
10318
10320
10320
10322
10323
10324
10324
10325
10328
10329
10329
10330
10330
10330
10331
10332
10332
10332
10333
10333
10334
10334
10335
10335
10335
10336
10337
10337
10339
10339
10340
10341
10341
10342
10342
10343
10344
10344
10345
10345
10349
10349
10351
10353
10353
10356
10356
10359
10360
10360
10362
10362
10362
10363
10364
10365
10366
10367
10367
10368
10368
10369
10370
10372
10373
10374
10374
10374
10376
10376
10377
10379
10381
10382
10382
10383
10383
10383
10384
10384
10386
10386
10392
10392
10392
10394
10394
10395
10395
10397
10398
10398
10399
10399
10399
10400
10401
10402
10404
10407
10408
10409
10409
10409
10410
10412
10412
10413
10414
10415
10416
10416
10417
10418
10418
10418
10420
10420
10422
10424
10425
10425
10426
10426
10427
10427
10427
10428
10428
10430
10430
10432
10433
10433
10434
10435
10436
10436
10437
10437
10438
10442
10444
10444
10445
10445
10447
10448
10448
10448
10449
10449
10449
10450
10450
10452
10453
10454
10454
10455
10456
10457
10460
10461
10461
10462
10462
10464
10465
10465
10466
10466
10467
10468
10470
10471
10471
10474
10475
10476
10478
10479
10480
10481
10481
10484
10484
10486
10487
10489
10490
10492
10493
10493
10494
10494
10496
10497
10499
10499
10499
10501
10501
10502
10503
10505
10506
10508
10511
10514
10515
10515
10515
10516
10517
10517
10517
10517
10518
10520
10521
10521
10522
10523
10524
10525
10527
10529
10529
10531
10531
10532
10532
10533
10535
10536
10536
10538
10538
10538
10539
10540
10540
10540
10542
10543
10544
10544
10545
10546
10546
10547
10550
10552
10553
10555
10557
10557
10558
10560
10561
10562
10563
10564
10565
10565
10567
10567
10569
10572
10574
10574
10575
10578
10578
10580
10580
10581
10581
10583
10583
10585
10586
10587
10588
10592
10592
10594
10596
10597
10598
10599
10599
10600
10601
10601
10601
10602
10604
10604
10606
10607
10607
10607
10608
10609
10611
10611
10613
10616
10617
10618
10619
10619
10620
10620
10620
10620
10621
10622
10624
10624
10625
10628
10628
10629
10629
10632
10634
10636
10638
10640
10640
10642
10643
10643
10643
10643
10643
10645
10645
10646
10646
10646
10647
10652
10653
10654
10654
10655
10656
10656
10656
10657
10657
10659
10660
10660
10661
10661
10661
10664
10667
10667
10669
10669
10672
10672
10672
10672
10674
10677
10678
10679
10679
10681
10682
10683
10684
10684
10686
10686
10689
10693
10695
10695
10696
10696
10698
10698
10698
10698
10699
10699
10700
10700
10700
10701
10702
10702
10705
10705
10706
10707
10708
10711
10712
10712
10714
10714
10716
10717
10717
10718
10718
10720
10720
10721
10723
10724
10724
10725
10727
10727
10727
10729
10730
10731
10732
10733
10734
10734
10734
10735
10736
10737
10737
10739
10740
10740
10741
10741
10742
10744
10745
10745
10750
10751
10751
10753
10753
10754
10757
10757
10763
10764
10764
10765
10768
10769
10769
10769
10770
10770
10770
10771
10772
10775
10777
10778
10779
10779
10779
10781
10783
10783
10785
10785
10785
10787
10790
10792
10794
10794
10796
10796
10799
10799
10800
10802
10803
10803
10804
10805
10807
10808
10808
10809
10810
10810
10812
10813
10814
10814
10815
10815
10816
10816
10818
10819
10826
10827
10828
10829
10830
10831
10833
10835
10838
10839
10841
10841
10842
10844
10844
10846
10847
10848
10848
10850
10850
10851
10852
10852
10853
10854
10854
10857
10859
10859
10860
10864
10864
10864
10865
10870
10871
10871
10871
10874
10876
10877
10877
10878
10878
10878
10879
10880
10881
10883
10883
10884
10884
10884
10885
10886
10888
10890
10891
10892
10894
10894
10895
10895
10895
10897
10898
10898
10903
10904
10904
10905
10906
10913
10913
10914
10914
10915
10916
10917
10918
10918
10919
10920
10921
10923
10924
10924
10926
10926
10926
10928
10929
10932
10933
10935
10938
10939
10944
10944
10946
10946
10946
10946
10947
10948
10949
10953
10954
10958
10959
10960
10961
10962
10963
10968
10971
10972
10973
10976
10979
10981
10982
10983
10984
10986
10988
10990
10990
10992
10993
10994
10995
10995
10998
10998
10999
10999
10999
11001
11003
11004
11007
11007
11007
11008
11013
11015
11016
11016
11017
11017
11019
11019
11020
11020
11021
11023
11028
11029
11032
11041
11043
11044
11044
11045
11045
11048
11048
11048
11050
11053
11056
11057
11059
11060
11061
11061
11061
11062
11065
11066
11068
11068
11069
11069
11070
11072
11072
11073
11075
11076
11078
11081
11083
11084
11086
11086
11088
11089
11099
11102
11102
11103
11104
11107
11110
11111
11111
11112
11112
11113
11114
11116
11118
11119
11121
11122
11123
11124
11127
11129
11131
11134
11135
11137
11142
11145
11145
11148
11150
11151
11152
11152
11152
11153
11155
11156
11157
11158
11160
11160
11161
11162
11164
11164
11166
11166
11167
11169
11174
11177
11179
11180
11181
11183
11184
11184
11184
11185
11187
11189
11189
11190
11191
11191
11192
11198
11198
11199
11201
11201
11202
11204
11205
11209
11209
11210
11211
11212
11214
11215
11217
11217
11220
11221
11222
11224
11225
11225
11227
11228
11231
11231
11232
11232
11232
11238
11243
11244
11246
11253
11253
11254
11260
11266
11266
11272
11274
11276
11282
11283
11284
11284
11286
11286
11288
11288
11289
11289
11290
11291
11292
11292
11292
11293
11300
11303
11305
11311
11313
11313
11314
11315
11315
11321
11322
11324
11328
11329
11330
11330
11331
11332
11333
11336
11336
11338
11339
11340
11340
11340
11343
11348
11351
11351
11352
11352
11352
11353
11355
11355
11355
11358
11362
11362
11363
11366
11367
11367
11368
11370
11371
11371
11374
11377
11378
11379
11380
11380
11380
11382
11387
11388
11388
11391
11391
11392
11393
11394
11395
11396
11401
11402
11405
11406
11406
11408
11410
11415
11416
11416
11418
11419
11424
11428
11429
11429
11429
11430
11431
11431
11433
11434
11436
11437
11439
11439
11439
11441
11443
11443
11444
11445
11447
11451
11452
11454
11455
11457
11462
11462
11466
11467
11467
11469
11471
11473
11476
11479
11481
11482
11483
11484
11485
11486
11488
11489
11490
11493
11495
11496
11498
11500
11505
11505
11506
11509
11509
11509
11510
11512
11513
11516
11516
11517
11517
11519
11521
11526
11527
11528
11528
11532
11532
11534
11538
11538
11542
11545
11545
11549
11550
11553
11553
11553
11554
11557
11558
11558
11564
11566
11566
11567
11570
11571
11571
11573
11574
11575
11576
11577
11579
11583
11583
11583
11584
11585
11588
11589
11590
11591
11592
11593
11598
11599
11599
11603
11604
11605
11608
11608
11609
11613
11613
11617
11619
11621
11623
11625
11629
11631
11634
11634
11635
11637
11644
11646
11646
11647
11649
11651
11651
11654
11654
11655
11655
11656
11657
11660
11660
11663
11669
11670
11674
11676
11676
11677
11678
11680
11680
11685
11686
11687
11688
11691
11692
11693
11698
11698
11699
11702
11702
11703
11703
11704
11706
11707
11707
11707
11711
11713
11716
11718
11719
11720
11720
11721
11722
11723
11724
11729
11729
11730
11736
11737
11742
11745
11747
11751
11752
11756
11757
11760
11761
11766
11768
11770
11770
11771
11772
11773
11774
11778
11781
11783
11789
11789
11790
11799
11806
11808
11810
11810
11814
11815
11816
11816
11817
11819
11819
11824
11825
11828
11829
11830
11831
11832
11832
11832
11834
11834
11835
11842
11843
11845
11845
11846
11849
11849
11851
11853
11855
11859
11862
11862
11863
11863
11864
11867
11869
11870
11872
11874
11878
11879
11879
11879
11882
11885
11890
11891
11892
11896
11898
11903
11904
11904
11907
11909
11911
11912
11915
11916
11919
11921
11929
11933
11933
11941
11945
11947
11949
11950
11953
11956
11958
11963
11964
11964
11967
11975
11975
11976
11976
11980
11983
11983
11984
11986
11989
11992
11994
11995
11997
11999
12001
12007
12007
12017
12020
12020
12021
12021
12024
12024
12025
12026
12029
12035
12038
12042
12042
12042
12047
12049
12058
12059
12065
12067
12068
12070
12073
12074
12076
12076
12077
12082
12086
12089
12089
12089
12094
12097
12097
12097
12098
12098
12099
12099
12105
12114
12114
12116
12117
12120
12123
12128
12129
12129
12131
12135
12135
12136
12137
12139
12140
12141
12142
12142
12148
12148
12150
12150
12157
12158
12163
12164
12175
12176
12178
12178
12180
12185
12187
12191
12195
12195
12199
12201
12202
12202
12203
12203
12206
12209
12210
12210
12214
12223
12224
12225
12228
12230
12231
12231
12241
12242
12242
12245
12247
12249
12250
12251
12252
12252
12255
12256
12258
12258
12260
12260
12264
12264
12267
12269
12269
12269
12271
12274
12278
12288
12295
12296
12303
12304
12304
12305
12311
12312
12312
12312
12321
12321
12329
12329
12332
12333
12340
12340
12340
12341
12343
12344
12349
12354
12354
12356
12356
12357
12360
12360
12364
12367
12369
12371
12373
12377
12377
12378
12381
12381
12382
12382
12384
12389
12392
12393
12393
12393
12396
12396
12402
12404
12404
12404
12413
12419
12420
12426
12426
12428
12430
12432
12434
12435
12438
12446
12451
12453
12456
12461
12465
12465
12471
12473
12476
12477
12477
12477
12478
12481
12484
12488
12491
12495
12499
12499
12503
12507
12508
12508
12511
12513
12514
12515
12515
12516
12519
12519
12521
12521
12521
12525
12527
12528
12528
12528
12530
12535
12538
12538
12540
12543
12548
12548
12548
12549
12550
12551
12553
12555
12562
12563
12564
12564
12565
12569
12573
12575
12581
12582
12586
12587
12599
12599
12601
12606
12609
12618
12620
12620
12623
12630
12633
12636
12641
12644
12648
12649
12651
12653
12654
12656
12658
12662
12663
12667
12669
12671
12671
12677
12682
12686
12690
12693
12695
12696
12697
12707
12708
12712
12713
12713
12716
12720
12720
12721
12721
12722
12722
12723
12728
12732
12732
12734
12738
12740
12743
12745
12750
12755
12761
12763
12764
12770
12772
12772
12774
12781
12783
12784
12785
12789
12793
12794
12799
12800
12803
12810
12812
12812
12816
12822
12827
12827
12830
12831
12833
12841
12842
12842
12846
12847
12848
12848
12849
12854
12856
12857
12857
12861
12863
12864
12865
12869
12870
12874
12874
12878
12879
12882
12883
12890
12902
12904
12908
12915
12929
12936
12942
12950
12950
12952
12953
12954
12960
12968
12971
12976
12977
12979
12985
12990
12994
12994
12996
13000
13009
13010
13021
13025
13026
13027
13029
13031
13034
13034
13038
13039
13041
13066
13068
13070
13070
13071
13071
13073
13074
13075
13077
13083
13084
13090
13092
13100
13101
13101
13101
13106
13117
13123
13123
13126
13129
13130
13131
13133
13134
13135
13136
13136
13137
13146
13148
13149
13155
13159
13160
13164
13169
13170
13171
13175
13176
13176
13176
13179
13182
13187
13188
13189
13196
13205
13206
13208
13214
13215
13215
13216
13218
13219
13219
13222
13225
13228
13229
13238
13240
13245
13251
13261
13269
13269
13271
13273
13277
13281
13283
13285
13300
13306
13311
13317
13321
13321
13325
13327
13327
13327
13330
13345
13348
13352
13353
13355
13356
13371
13372
13375
13377
13378
13379
13381
13381
13387
13392
13392
13392
13392
13396
13397
13398
13398
13400
13406
13407
13409
13412
13413
13418
13422
13435
13458
13459
13464
13468
13472
13473
13476
13480
13489
13492
13496
13504
13511
13518
13525
13526
13530
13534
13536
13550
13555
13556
13560
13568
13570
13573
13583
13604
13610
13612
13612
13613
13622
13628
13628
13644
13654
13656
13661
13662
13667
13672
13672
13686
13692
13699
13708
13715
13730
13735
13735
13747
13755
13757
13763
13764
13764
13765
13766
13773
13781
13785
13795
13798
13798
13803
13808
13814
13819
13831
13832
13839
13840
13844
13845
13846
13850
13855
13857
13859
13862
13877
13885
13887
13888
13892
13894
13896
13908
13909
13932
13934
13940
13941
13950
13960
13964
13969
13971
13972
13973
13974
14006
14011
14013
14018
14032
14037
14038
14039
14051
14069
14071
14071
14075
14077
14079
14086
14086
14087
14097
14098
14101
14102
14103
14109
14111
14111
14111
14112
14129
14130
14148
14150
14153
14160
14184
14190
14202
14204
14211
14224
14227
14228
14228
14245
14246
14250
14267
14267
14271
14273
14273
14284
14307
14321
14334
14339
14343
14344
14348
14377
14380
14386
14401
14417
14420
14422
14423
14440
14441
14447
14454
14471
14480
14495
14530
14534
14541
14572
14572
14577
14594
14613
14620
14628
14653
14672
14676
14683
14685
14693
14698
14702
14709
14732
14744
14746
14749
14785
14788
14793
14804
14804
14809
14811
14814
14818
14837
14846
14868
14914
14940
14975
14978
14983
14986
15000
15007
15007
15008
15026
15048
15056
15058
15071
15076
15081
15101
15111
15115
15137
15153
15160
15178
15180
15187
15224
15231
15244
15276
15326
15342
15344
15345
15367
15369
15383
15386
15391
15392
15395
15402
15406
15414
15465
15466
15466
15472
15473
15506
15511
15513
15520
15593
15601
15612
15649
15660
15685
15718
15719
15740
15747
15752
15774
15783
15815
15816
15816
15828
15838
15910
15923
15928
15954
16048
16058
16067
16083
16105
16118
16191
16195
16203
16209
16282
16283
16292
16363
16474
16499
16524
16639
16666
16722
16810
16832
16852
16903
16969
17520
17642
17684
17748
